Eigvals	0

Proportion explained	0

Species	0	0

Site	700	3
control_0_t0	0.005336762835541	-0.0025413741615220387	-0.004256482325255891
control_0_t1	-0.0681980256575988	0.0030106327980395564	0.11221246508641514
control_0_t2	0.04947590090608611	-0.04224128500414336	0.09847766479518603
control_0_t3	0.04755014558003729	-0.18484499686925185	0.014720334072097885
control_0_t4	0.16393112884737307	-0.03194041955901836	-0.029346244114405902
control_0_t5	0.28729823793233933	-0.03187987699942369	-0.07507095642252078
control_0_t6	0.22148181550674811	0.024432936318141155	-0.10580621469877174
control_0_t7	0.23707335387716677	-0.0047980859089174	-0.11673958467107637
control_0_t8	0.16042060117237134	-0.09275810186901959	-0.02634564271831344
control_0_t9	0.2056960331937137	0.007970138439563679	-0.007913039716003711
control_1_t0	-0.004952870694631168	0.0074694910432240415	-0.00403186041228683
control_1_t1	-0.06984543874756423	-0.012021511087521107	-0.04182846449641636
control_1_t2	-0.06360983268324426	-0.035252195492701276	-0.009397693558107018
control_1_t3	-0.0316840728341167	-0.04308330509312994	0.059412902952779234
control_1_t4	0.033125139224117764	-0.03410391147394718	0.0054985782526277005
control_1_t5	0.1512720221728301	0.04184008263786131	0.06540248063264259
control_1_t6	0.09055620823319024	-0.01476116283806199	-0.030874277799255112
control_1_t7	0.021160359936266734	0.019450795744403927	-0.054804128270363316
control_1_t8	-0.0367505212074183	0.01648459909926076	0.06403379181335767
control_1_t9	0.09265454883858974	0.05580423367742046	0.006936013048246155
control_2_t0	-0.0036651376926358894	0.007379497481884425	-0.00734722926966078
control_2_t1	0.02674277893903639	0.04895811285640309	0.07377872709546315
control_2_t2	0.05308212981161532	0.03620820131156759	0.14431086368326912
control_2_t3	0.12331098712399759	0.08834536849630956	0.06573540044868204
control_2_t4	0.20784903173932723	0.0784596497476347	0.11107084321680948
control_2_t5	0.16380356684580882	0.09127319440442114	0.04316715882260068
control_2_t6	0.08698321368320372	0.18167954640085948	-0.08769014390794753
control_2_t7	0.1090597466296781	0.12688901744626652	-0.022109993242810613
control_2_t8	0.12684286514630302	0.14880855817982427	-0.11375687226479525
control_2_t9	0.2519254293359596	0.09270340238658585	-0.05026579845678719
control_3_t0	0.0011883125254654515	-0.0016625328418740427	-0.0054997048270253755
control_3_t1	-0.0229216641520409	-0.0005576254400262613	0.05629895831500317
control_3_t2	0.005368283583566502	-0.03513726166584569	0.02527201690692183
control_3_t3	-0.07495821966304266	-0.03047382092874316	0.0011359531518964142
control_3_t4	-0.023696106220808852	0.07680277814744282	-0.023493553014575626
control_3_t5	-0.012786445568596892	0.00538711135071443	-0.03464195033295256
control_3_t6	-0.1208564653804371	-0.008132063249232248	-0.14090178835872286
control_3_t7	-0.08341203901068178	-0.12987137339590524	-0.08896182612083955
control_3_t8	-0.06499090745679265	-0.0728600136349851	-0.13318142404499145
control_3_t9	0.05861270943025729	-0.008323963477167004	-0.11319087340197607
control_4_t0	0.007254881679835667	-0.006765969195865997	-0.006294234970724184
control_4_t1	-0.011578353792983855	-0.0719959644831805	-0.031915130762039404
control_4_t2	0.09555153957662607	0.05969887381491469	-0.010066593390011078
control_4_t3	0.1193729485764094	0.1187734302948023	0.07838701816951743
control_4_t4	0.08592103523333267	0.2106609105295088	0.06375449388700516
control_4_t5	0.06699716118825531	0.1665706609388711	0.12275707005376657
control_4_t6	0.032663838403596754	0.08496301599114381	-0.007902454573856077
control_4_t7	-0.011159004145669185	-0.002148524787209047	-0.08376608406381347
control_4_t8	0.05696310582275853	-0.14385647458747547	-0.17029924563543808
control_4_t9	-0.019278590557972305	-0.08024990066262094	-0.03542522400872211
control_5_t0	0.000529576138930572	0.0032789439437419256	-0.009349997717804351
control_5_t1	-9.773622863610827e-05	0.09306663432247779	-0.05377738207900618
control_5_t2	0.033473925284355416	0.048484378248899784	-0.010208423355399253
control_5_t3	0.09535135662151722	0.08208516496813079	-0.0487371831194019
control_5_t4	0.05797324809855707	0.09684387442949134	0.04936141066802772
control_5_t5	0.1105959315511318	0.15110137955668956	-0.020975345757069407
control_5_t6	0.20767035973984035	0.08830671341949117	-0.007103548631172503
control_5_t7	0.23982125173979968	0.061686372459912535	0.04432542565946442
control_5_t8	0.14328774141888262	0.1186953738600779	-0.02144887206151195
control_5_t9	0.13320794706015304	0.03593422943202172	-0.04656554946433361
control_6_t0	-0.001967313962587942	0.00011035659345576488	-0.00742931499802304
control_6_t1	-0.12021986976876678	0.02202735200900968	0.008264953385249104
control_6_t2	-0.1786082942460007	-0.042614100074873	0.033467918572000335
control_6_t3	-0.06538337271342673	-0.13894690410606167	0.06909465200299914
control_6_t4	-0.13887519454053066	-0.20682497704271946	0.028954536696714342
control_6_t5	-0.18404544405892165	-0.10627693642601835	0.0020464473799533048
control_6_t6	-0.07514584122685894	-0.09467793424664553	-0.08660684211105696
control_6_t7	-0.02149359188595433	-0.11802585362569748	-0.01987357389372782
control_6_t8	0.03919286782640408	-0.1508550562027189	-0.06802638230079666
control_6_t9	-0.09019247467151012	-0.12061509762219766	-0.06896557798094631
control_7_t0	0.0001487885305873049	0.005374483735004276	0.0034251848094902005
control_7_t1	0.09071829482411109	-0.028813279323258164	0.01739301699744916
control_7_t2	0.10490717045938042	-0.15225999303866003	0.04775013706208951
control_7_t3	0.129832029419828	-0.17057896883334228	-0.03348266553273327
control_7_t4	0.023274591954531604	-0.03965681035021462	0.00589129440058897
control_7_t5	0.11923112411662977	-0.09685848859782067	-0.08501406466767479
control_7_t6	0.2635983533196812	0.017345014931999456	-0.16582452761368888
control_7_t7	0.14556191444264366	-0.014240823250030628	-0.08105349984966059
control_7_t8	0.190209293273371	0.0263345717682677	-0.1032339364576535
control_7_t9	0.26293093366060094	0.009426186662550032	-0.09138941142255302
control_8_t0	0.0028804338837922637	-0.007450248450632926	0.0007934611711590112
control_8_t1	-0.003403733576774423	0.0017415951739762191	0.05290697180580018
control_8_t2	0.07815279284360402	0.04512941744479105	-0.01544726816979073
control_8_t3	0.02206996054316092	0.0356639798607521	-0.012727514547173722
control_8_t4	-0.005520351065569289	0.03606251023230169	0.14252116364637726
control_8_t5	0.01633573246144372	-0.07344263439006932	0.1266684898682313
control_8_t6	0.015009155095191998	-0.18617033929305243	0.21319253305288727
control_8_t7	0.09000565817052596	-0.046618031912153884	0.24573685241249976
control_8_t8	0.15343916390629753	-0.10831366404383275	0.1697497223243048
control_8_t9	0.10560870344702564	-0.05299694013662727	0.06403280904496875
control_9_t0	-0.0008729252671350208	-0.0032588658543558236	0.00927309625076378
control_9_t1	-0.035377294822818366	-0.01490040850870071	0.08867775790471755
control_9_t2	0.05252754126655831	-0.09939711632696509	0.13655956690060014
control_9_t3	0.0320425916385172	-0.02186549604572416	0.15082249184150373
control_9_t4	-0.013195319737876895	0.03394014294048664	0.18040386299619895
control_9_t5	-0.09215982974998016	0.11191544738903697	0.31534970591201744
control_9_t6	-0.14679336335267243	0.10595178058588021	0.15535940953170665
control_9_t7	-0.19719625688328696	0.12407465289747505	0.08894545748652226
control_9_t8	-0.16623544321247832	0.13922816067719151	0.014656509196976197
control_9_t9	-0.1527058783525407	0.14269672369342778	0.05914816795591249
control_10_t0	0.0019848715171680077	0.003958509887791122	-0.007908480337556282
control_10_t1	0.06670698076595977	0.07715681158809676	0.08541521336408614
control_10_t2	0.1004385110643594	0.059100014012798435	0.10563741512878823
control_10_t3	-0.03757705609570129	0.13506171413833734	0.08846697726279164
control_10_t4	-0.04137812938484433	0.0895149454788411	0.02885069967521909
control_10_t5	0.04173215797147115	0.20700894470957593	-0.015681422000003234
control_10_t6	0.04989546110361043	0.24747228384050843	-0.06490627153254896
control_10_t7	3.177306196682633e-05	0.21662282123423657	0.013949087917959818
control_10_t8	-0.010251207124017923	0.24039648792506563	0.08127342036227675
control_10_t9	-0.12954684531446362	0.199374259257109	0.06842344567097727
control_11_t0	-0.004588689480354302	0.004447541644284598	-0.004756878030363356
control_11_t1	-0.05237991270838553	0.038666952634816225	0.04122653278830409
control_11_t2	-0.010335740371830285	0.04417455863210198	0.0005428688244478452
control_11_t3	-0.004332267379433386	0.0847349118119606	0.019363668331308176
control_11_t4	-0.010215395160331453	0.07825073225107022	0.02547734848278713
control_11_t5	-0.07790194110695194	0.20527828690522298	0.046088407083241696
control_11_t6	-0.17844899460661012	0.13437544267993667	0.06409905358606162
control_11_t7	-0.06889382526185965	0.14249097963010954	0.058721806921657745
control_11_t8	0.08718674024439248	0.11219296852398945	0.02547352376187568
control_11_t9	0.0638141739683919	-0.033182393333594754	-0.052477304285576724
control_12_t0	0.0037125201527561224	-0.0005860587868110612	0.0019523167587895585
control_12_t1	-0.03752581118051975	-0.012297370893763242	0.013009534583741945
control_12_t2	-0.01137589008981011	0.006309885901391459	0.0015068890043168654
control_12_t3	-0.08338211769004408	-0.039859308032151666	0.037719753183374526
control_12_t4	-0.09189618913149807	-0.11547147148336591	0.04474338529342424
control_12_t5	0.00938145268600303	-0.022135373933928143	0.03118070798969666
control_12_t6	-0.02415483409586172	-0.12642144259355678	0.04404747303638351
control_12_t7	-0.017826167553770887	-0.05231045330019041	-0.01608814101601032
control_12_t8	-0.01638747263055296	0.018904056896775143	-0.0666233139906269
control_12_t9	-0.08904880919966018	0.0657602395704641	0.03620903185866882
control_13_t0	-0.001518152513222133	0.009928812176699378	-0.0007173898342025997
control_13_t1	-0.06708172967582515	-0.05455610027428436	-0.03839251253861209
control_13_t2	-0.1112858235938265	-0.03994302236327804	0.017201220567883778
control_13_t3	-0.05449485268834566	0.04472136317858964	-0.011205158398187982
control_13_t4	-0.02552638416785177	0.0011372449826308126	-0.043495155377177165
control_13_t5	-0.05244994036790535	0.11480619922254351	-0.13551189455054258
control_13_t6	-0.1472784498828115	0.1778800375990547	-0.13728869890199816
control_13_t7	-0.051513855664938726	0.18321929756268762	-0.14857335657700338
control_13_t8	0.020473819066499963	0.05078562220784666	-0.2002217058637809
control_13_t9	0.006249798848277574	0.012385643734653728	-0.05823477255993151
control_14_t0	-0.007875309859691766	0.0034961738120742303	0.005973225806579005
control_14_t1	-0.0768132307207541	0.02309330506532158	0.04720775905040597
control_14_t2	0.014489787726667064	0.020998912258207738	0.03539815261025644
control_14_t3	0.06630993091773371	-0.020810018274603773	0.00968054925333299
control_14_t4	-0.009320428021399346	0.044338171494734124	0.003516790256699256
control_14_t5	0.10379226120381595	-0.05911933196288828	0.0012501754428338907
control_14_t6	0.24219297834056214	-0.09625814271502538	-0.014751871104184088
control_14_t7	0.15450497394419496	-0.16726091158749062	-0.10267921686248964
control_14_t8	0.1192148991296865	-0.22656417988589092	-0.20585939994107233
control_14_t9	0.19196535265322662	-0.21337517254204413	-0.1920196774782612
control_15_t0	0.00917381142917229	-0.009434999422726657	-0.00995546536065866
control_15_t1	0.027857831067408363	-0.0841978491468604	-0.03810645463178783
control_15_t2	0.08701560526658118	-0.15186436365228856	-0.013916414989496986
control_15_t3	0.06974728209028441	-0.16849561838475008	-0.08814832549010349
control_15_t4	0.08001592304396941	-0.12075410993530955	-0.016787921158861643
control_15_t5	-0.0062289736132534745	-0.18178091414408984	-0.05344544152002761
control_15_t6	0.05795807800577271	-0.18073445492290222	-0.1747183334771446
control_15_t7	-0.10298111646172556	-0.18541948275682582	-0.046040519040246974
control_15_t8	-0.055642241603204926	-0.1748375455081853	-0.0645458233299321
control_15_t9	-0.054310915363591436	-0.1417604259964994	0.0550108717705944
control_16_t0	0.00687274035386251	-0.0009981174048528606	0.007536758654361431
control_16_t1	0.08763045356668545	0.053970197372977015	0.13085034789245903
control_16_t2	0.005857649626173689	-0.10475589303092142	0.07822727224212397
control_16_t3	0.049096805834378206	-0.02261708688715286	-0.032539753255014875
control_16_t4	-0.017527055382138564	0.006045792154624169	-0.01245233331183452
control_16_t5	0.06732092504518353	-0.04333048335173259	-0.14106962965488476
control_16_t6	0.04458043739684592	-0.13271253170706881	-0.08887686949907544
control_16_t7	-0.036564238594934004	0.003239567759574763	-0.1642121922400044
control_16_t8	-0.10491530429248434	-0.016288489553339357	-0.1905051050612129
control_16_t9	-0.16401985348590392	-0.005021848948059952	-0.19199812537338573
control_17_t0	0.005128527067408255	0.007640511479986305	0.004686176830371302
control_17_t1	0.010880535888592134	-0.046203898024774696	0.06986375995627411
control_17_t2	-0.07647764660373119	0.001082957692614045	-0.002143885860014974
control_17_t3	-0.07870930330627329	-0.001686516248267979	0.05798191753977714
control_17_t4	-0.10010033858467948	-0.025913567269996447	0.1428779125239314
control_17_t5	0.0023650647199536523	-0.12385582412492405	0.17103546186535573
control_17_t6	-0.032781304826475136	-0.19069165239226893	0.18981985198279652
control_17_t7	0.10172937175991768	-0.14711142735123095	0.10281241022435625
control_17_t8	-0.056108589589920724	-0.07332418175995659	0.11035523389683304
control_17_t9	-0.01719887673015886	-0.0019405717042246529	0.0941161344108786
control_18_t0	0.0040845248738844075	-0.004216617226864441	-0.0011479582840481584
control_18_t1	-0.01271025927679566	0.030631267060530085	-0.015144274504871363
control_18_t2	0.04007023739881674	-0.001163491646387009	0.06200209728169649
control_18_t3	0.04717471141705363	0.08251067336322554	0.08063473867071733
control_18_t4	0.08566804870021616	0.04713759149698608	0.04549115228695952
control_18_t5	0.035840239250416746	0.05960587329311747	0.1838196329415772
control_18_t6	-0.12735273195304117	0.09175687443438654	0.22914169580501423
control_18_t7	-0.14805941219045052	0.10488275871309617	0.2049492722522637
control_18_t8	-0.1157191524524474	0.17291584618881606	0.1990327864812661
control_18_t9	-0.05250199944461115	0.07209126382783848	0.12854645554543598
control_19_t0	-0.0024218899529430417	-0.0034564488321278297	-0.002103780194530509
control_19_t1	0.14428428052275433	-0.07225512538156721	0.041859940679742094
control_19_t2	0.1405615892638228	-0.0030828042722581828	0.02731336070712759
control_19_t3	0.08988008129439999	0.029902635487533025	0.07159029025674425
control_19_t4	0.17269366326678232	0.027430763619656393	0.1438048351398335
control_19_t5	0.08816486529608919	0.01805756078226405	0.14590622288308167
control_19_t6	0.19707139312155422	0.10962864639087908	0.17634888812925203
control_19_t7	0.18235977839960896	0.1158296854944099	0.09740908022248823
control_19_t8	0.1352618965740391	0.1308565232173017	0.19298131695357984
control_19_t9	0.15946503794576242	0.060306267442713474	0.15893908262789358
control_20_t0	-0.004841693757662984	0.006033968063615489	-0.0069931519455809135
control_20_t1	0.1162245518550112	0.0894086533587115	-0.00875224603220399
control_20_t2	0.11266962811115552	0.012764102861017881	0.045877093873496005
control_20_t3	0.05630311922371008	0.018291479961361566	0.0894566604257662
control_20_t4	0.07443203013014403	0.05617549308085714	0.01018887624482509
control_20_t5	0.10895182830335569	0.018714697713565938	-0.03301488805894384
control_20_t6	0.014538010971054616	0.010404396945165595	-0.02092200645237598
control_20_t7	0.10490803192658064	-0.03893763677331614	0.1367909337109481
control_20_t8	0.03178563757648602	0.01827696594974562	0.14469747590957574
control_20_t9	0.02306283282333519	0.056677066318835734	0.13931283424795665
control_21_t0	0.009770208923214705	0.004224884944348648	0.00161814930735962
control_21_t1	-0.042953136523093294	-0.09398622436336274	0.11649004960429898
control_21_t2	-0.01129498449813316	-0.05331883771354619	0.09438092632618962
control_21_t3	-0.04711478712558109	-0.0006434146923564865	0.13407157596058816
control_21_t4	0.10989261226344801	-0.04854348457968764	0.16576904344082133
control_21_t5	0.1382581465958808	-0.04048881000248182	0.14998556700398885
control_21_t6	0.04678018555898451	-0.0035480114793792553	0.04997758751268
control_21_t7	0.1515867250854344	-0.0006603009905065379	-0.0012758145002537968
control_21_t8	0.08373883958975664	0.008007927689650494	0.028932794705937667
control_21_t9	0.0037284870153020816	0.017998960007097185	-0.007857614241204298
control_22_t0	-0.0013580080992415878	-0.009196986888018784	-0.003032332210391804
control_22_t1	0.14764977772184876	0.017094857566830844	-0.15145067813623994
control_22_t2	0.11490830635926472	-0.008488478710173029	-0.24948854533689402
control_22_t3	0.06242716305631466	0.007607231839405485	-0.23725703966213138
control_22_t4	0.03387708432478242	-0.05716086465979989	-0.1393176871759303
control_22_t5	0.013509983205640896	-0.06290208768123032	-0.08689512297649643
control_22_t6	-0.008598892770443647	-0.08160587240488265	-0.04651897480946705
control_22_t7	-0.03079094812372017	-0.10512009952650918	-0.08958827530400454
control_22_t8	-0.07268178958629269	-0.10656153100885046	0.06842145974677111
control_22_t9	-0.07987997711320419	0.022915224404546436	0.00765518109555359
control_23_t0	-0.0043985002815174834	-0.0030023628315679176	0.009474140093516176
control_23_t1	0.07861361306046402	-0.017692540234399035	0.0517401403035129
control_23_t2	-0.04724429406682876	-0.017380216747295278	0.020408089402779606
control_23_t3	-0.025574712198177352	0.05252309962287025	0.1496075979340656
control_23_t4	0.03437105340523741	0.06641040871493646	0.09566960654113728
control_23_t5	0.18969465907072597	0.059357078419541257	0.09912429576054474
control_23_t6	0.10637098735626405	0.20034934711287128	0.1647472107592437
control_23_t7	0.002043004577992405	0.10611978209374594	0.15908552927168626
control_23_t8	0.08545855564491969	0.022404516574656072	0.19415184019752812
control_23_t9	0.0437303220874343	0.03798482774907666	0.30600423415061356
control_24_t0	-0.003911474710069878	0.008445561014157239	0.00611549902918324
control_24_t1	0.06396389814988088	-0.05714960055945126	-0.00984124527088685
control_24_t2	0.046444358488331124	-0.018116742499467535	0.036441161281309004
control_24_t3	0.044787103844298966	-0.06690147788203799	0.012768141619560011
control_24_t4	0.06286304396909957	0.021519749855973228	0.007448616958775202
control_24_t5	-0.003974291103862673	0.0907141581328878	0.0685592492032155
control_24_t6	0.07481220466712059	0.0777380977511343	0.10325590675066758
control_24_t7	0.14029635357687292	0.0874901053368459	0.12615655758051825
control_24_t8	0.05725263754920348	0.06765602377098956	0.04531178371724817
control_24_t9	0.08205263323368961	0.01886656970566781	0.06958276657458552
control_25_t0	0.0007273209817402604	0.0030021635758441566	0.009478656484985222
control_25_t1	-0.041099262264623126	0.014001517682556558	-0.03533901183888385
control_25_t2	-0.05310308409327742	0.02481296822415281	-0.07823667302956767
control_25_t3	-0.19305609629863102	-0.0440084712224699	0.011583310980546338
control_25_t4	-0.184961534282856	0.01927655903419384	0.004457996025207564
control_25_t5	-0.20022569587537392	-0.04577571055209946	0.23714216984655723
control_25_t6	-0.13817045066562444	-0.13535158619868373	0.31287678998765023
control_25_t7	-0.16636181146538095	-0.1063820369661837	0.30714045158056436
control_25_t8	-0.08402658508194713	-0.02696626601476887	0.214239548775145
control_25_t9	0.025476856247989565	-0.10787019383226955	0.19716379731810976
control_26_t0	-6.469412784485763e-05	0.008895078543710053	-0.0008904537226504129
control_26_t1	0.15372512183598344	0.009565067173977688	-0.026931263250221778
control_26_t2	0.16466789919178962	0.05589849349674315	-0.07502238809819159
control_26_t3	0.08533622332868965	-0.06503102993503332	-0.03378911493506187
control_26_t4	0.10393662793970708	-0.03741715261324055	0.004955344445861237
control_26_t5	-0.023192056083646148	0.026671535834059165	0.07268959076206148
control_26_t6	0.0025876569553889943	-0.007226661643676267	0.15201513333719294
control_26_t7	0.09054093122076314	0.0458455535055409	0.13579452286264618
control_26_t8	0.10766652240527806	-0.07426346151348509	0.1602899037291851
control_26_t9	0.15368205078738137	-0.14445786598224458	0.165034433190469
control_27_t0	-0.001885026032117818	-0.0031435137145919413	-0.0011420285634438354
control_27_t1	-0.027914226410754826	0.05899494294744692	-0.02927683887567752
control_27_t2	-0.10287546725349853	-0.07396447201326978	0.016661997252544854
control_27_t3	-0.13355491239687217	0.007943744434115288	0.07451637537287031
control_27_t4	-0.061826516734145714	-0.02518680593558662	0.027615951899226915
control_27_t5	-0.06930933597846109	-0.07647957129058722	0.025249030959459535
control_27_t6	-0.04279344054012067	-0.07600979563963238	0.05418063113157404
control_27_t7	0.034119669473928665	-0.13597661504733285	-0.025192154284137173
control_27_t8	-0.14219341253686038	-0.12159873654438305	-0.0022671441440331452
control_27_t9	-0.07792192591938883	-0.05360334558769783	0.05739673278994315
control_28_t0	0.00418679908792488	0.003445588763934835	0.007130048283206767
control_28_t1	0.023301863738908638	0.11239943940265318	-0.026311780692057574
control_28_t2	-0.014757420986621524	0.05984830199184435	-0.08066242549247513
control_28_t3	-0.01829272704400749	-0.004031317038031779	0.03931199600884913
control_28_t4	-0.01614943752718525	-0.014299265307341368	0.061760413183151584
control_28_t5	0.06725195742403586	-0.0013832088388134722	-0.018675739061417777
control_28_t6	-0.029673114884291724	0.10885072544018186	-0.06007220702967
control_28_t7	0.12790332593164902	0.1412435741744624	-0.1552447097960366
control_28_t8	0.016490521857509016	0.05225032628581544	-0.11910383762152627
control_28_t9	0.10176156472506478	0.055247089107319694	-0.10712226619382066
control_29_t0	0.006327628145469277	0.0011874919957590268	-0.009385009298322202
control_29_t1	0.09089804094281641	-0.013605709655863671	0.02913686912710276
control_29_t2	0.15009829477379982	-0.048518124699939026	-0.0625488392393466
control_29_t3	0.11062787286137622	-0.035726611409102715	-0.0637084271429389
control_29_t4	0.06165055545566826	-0.0193588052180958	-0.11846394722523866
control_29_t5	0.044616178118469296	0.011823412705487722	-0.12392687891854141
control_29_t6	0.09056717857226923	0.10633330019415096	-0.07927482879383778
control_29_t7	0.19518099140346876	0.14538983713429557	0.05243550530162251
control_29_t8	0.1462969926689358	0.11010365931624874	0.07377001192585812
control_29_t9	0.10524825492804765	-0.01779330874433152	0.06701017195219135
control_30_t0	0.0071626356835028425	-0.0013804791151455808	-0.00893527069412107
control_30_t1	0.0915297352450797	-0.05990340984379643	-0.02867502180072222
control_30_t2	0.042410782138959546	-0.20956085585228343	-0.03362207717170417
control_30_t3	0.00026915607327298446	-0.23188855165779787	-0.050993187411090636
control_30_t4	0.029771949191879483	-0.18132438534389722	0.015986120215105808
control_30_t5	0.049168658590360334	-0.1370240675755495	-0.0007979774714575831
control_30_t6	0.0011439952996343122	0.007850778607303766	0.025919852504229134
control_30_t7	0.02051158818770231	-0.02477156715622183	0.06473286322409397
control_30_t8	0.17107319847799995	-0.08666527844819272	0.039425019898666654
control_30_t9	0.1198562243153319	-0.05497845070735957	0.07146806516944289
control_31_t0	-0.006411089546439548	0.008266858940504204	0.008179771246112234
control_31_t1	-0.013182261517108256	0.053970971850728106	-0.12737274511946475
control_31_t2	-0.005981344264474173	-0.026747876386390118	-0.09084362774371643
control_31_t3	-0.007539950785734189	0.05401540676905291	-0.11371680314327558
control_31_t4	0.026309897046290158	0.03644727047555674	-0.03210446066770932
control_31_t5	0.0670158827340531	0.025495317229463205	-0.08089394575416023
control_31_t6	0.12170514751229462	0.03882740997378201	-0.04545337337544343
control_31_t7	0.040484367928736054	0.043907289611052204	-0.023450822723331974
control_31_t8	0.04457150229789415	0.16533191043102494	0.09940862761373069
control_31_t9	0.05458672888414379	0.11178866457921592	0.08099961617602211
control_32_t0	0.0013122038452484165	-0.005928998387296645	0.003705030300860528
control_32_t1	-0.08423423298827047	-0.006473879724602668	0.1085795016268656
control_32_t2	-0.09756301801438769	0.06170931487894385	0.04637499122784177
control_32_t3	-0.03435058451669237	0.12220029985588038	-0.0047208165097350485
control_32_t4	-0.06442937320533973	0.08609492967015064	0.02106837255981121
control_32_t5	-0.030267746875334872	0.07707267485576855	-0.017433479302541025
control_32_t6	-0.014584379663477802	0.12695712143050647	-0.03832150060350263
control_32_t7	-0.0010560935402527082	0.11319773792338676	-0.02605257254089708
control_32_t8	0.04351452012072274	0.05075582731318072	-0.030689571670802468
control_32_t9	-0.07562488892679509	-0.11043163741388111	-0.13833214790132015
control_33_t0	0.00929917001454741	-0.0021628933793709226	0.004437508105247929
control_33_t1	-0.015532040593784747	-0.09388755683666539	-0.036067074901338675
control_33_t2	0.0830469379519021	-0.13003902599305314	-0.020739705924715253
control_33_t3	0.062171800461231316	-0.12653119082003544	0.0627566065663657
control_33_t4	-0.014374600822648256	-0.1607030894814037	-0.0149818653564181
control_33_t5	0.03239133311319332	-0.11037680341835353	-0.07112306933812493
control_33_t6	0.11544676162011222	-0.270046232655691	-0.028651299200722888
control_33_t7	-0.0050472256348668	-0.18680666886245942	-0.06971881345490519
control_33_t8	-0.019955131031849923	-0.0979904445219883	0.018606763021498593
control_33_t9	0.010583766784411978	-0.17381795053778581	0.01777259174892041
control_34_t0	-0.008446320526152976	-0.0059103378203899035	0.006341868620452988
control_34_t1	-0.0069226462446989965	-0.030044593949884044	0.05394107927343197
control_34_t2	-0.03995839667828816	-0.07212336791183296	0.013534334806641929
control_34_t3	0.09232095349608865	-0.10284625800153228	-0.10059291643550097
control_34_t4	0.0675863099633551	-0.05809707986891843	-0.05943423578217458
control_34_t5	-0.023842722014983095	-0.06642924306382511	-0.10413935342584407
control_34_t6	-0.09969340562046884	-0.2025407092551721	0.060897775356340306
control_34_t7	-0.08612689860119578	-0.19039750864540111	0.04739176986227249
control_34_t8	-0.06701423606186632	-0.1260045419162637	0.05813210509930537
control_34_t9	-0.011528958133329499	-0.18420639615785395	0.09642209154391004
destabilizing_treatment_0_t0	-0.0004708657632630331	0.004350890733455946	-0.002357848842512811
destabilizing_treatment_0_t1	-0.02545812842000811	-0.028685036775342142	0.0449434195871802
destabilizing_treatment_0_t2	-0.012123366518650779	-0.009560702268557514	-0.01450486741302908
destabilizing_treatment_0_t3	0.06592966282768281	-0.04340078786287229	0.05884145475412959
destabilizing_treatment_0_t4	0.009396868373676266	-0.008008552417874952	-0.028821888546793177
destabilizing_treatment_0_t5	0.014952858164734179	-0.01864167721058387	0.045515455531234976
destabilizing_treatment_0_t6	-0.0405302616651972	0.04083707178936896	-0.03932697823519956
destabilizing_treatment_0_t7	-0.07520155689259653	0.07823283793359725	0.038419093563735913
destabilizing_treatment_0_t8	0.01724514563664628	0.19352949566655786	-0.04689025300903792
destabilizing_treatment_0_t9	-0.04036679581291103	0.257064750376311	-0.13353062159002016
destabilizing_treatment_1_t0	0.0007105066892284784	-2.749274526417045e-05	0.008540973572459643
destabilizing_treatment_1_t1	0.07669250282172277	0.0988322010629085	-0.026246684999762952
destabilizing_treatment_1_t2	9.355825384345373e-05	0.0657061277271889	-0.060113384919883245
destabilizing_treatment_1_t3	0.06308668497012909	0.07269094366170123	-0.07915373228495579
destabilizing_treatment_1_t4	0.1596221891878276	-0.06730558215573323	-0.12794682144095362
destabilizing_treatment_1_t5	0.06227235521746034	-0.05033500172667171	-0.053892422324476524
destabilizing_treatment_1_t6	0.062089627212133874	-0.04710059683781217	-0.012896822486611587
destabilizing_treatment_1_t7	0.12113234849726982	-0.13222816244374536	-0.11825315580307652
destabilizing_treatment_1_t8	0.06199246831062441	-0.30118650419085324	-0.09872527590100019
destabilizing_treatment_1_t9	0.1456609818904221	-0.14554588423877698	-0.1406670997657081
destabilizing_treatment_2_t0	0.0072184620332503505	-0.004890947396837959	0.0012375024246697541
destabilizing_treatment_2_t1	-0.1250738843276749	0.0014113386034737933	-0.022017582415652777
destabilizing_treatment_2_t2	-0.046847071961614584	0.06253538111933662	-0.05563543777754784
destabilizing_treatment_2_t3	0.019445453411408575	0.09131625863780925	0.02014094510547078
destabilizing_treatment_2_t4	0.038692361573604284	-0.007240934371882737	0.040803834382254336
destabilizing_treatment_2_t5	0.059729033779817406	0.005992692670830796	0.005111618866498455
destabilizing_treatment_2_t6	0.11376034270410201	0.029885515479741817	-0.0010919777415526102
destabilizing_treatment_2_t7	0.1103135400482433	-0.04969141000873173	-0.03214146980256781
destabilizing_treatment_2_t8	0.13832291405663272	-0.008613449962047125	-0.09062856190772076
destabilizing_treatment_2_t9	0.08539890293060354	-0.04370338373663888	-0.12452070482520097
destabilizing_treatment_3_t0	0.007900593611485566	0.0008947180483187146	0.0047511773176387665
destabilizing_treatment_3_t1	-0.06099600320951491	-0.045548405301810216	-0.014533196302826264
destabilizing_treatment_3_t2	-0.06597836920604255	-0.11665467212151365	0.03676781594186994
destabilizing_treatment_3_t3	0.044496262738618064	-0.19051112236588302	-0.0028614492945531478
destabilizing_treatment_3_t4	0.034056924213417376	-0.1216092677970255	-0.021981496619282358
destabilizing_treatment_3_t5	-0.037692813988689046	-0.05487753423361691	-0.047614753073405056
destabilizing_treatment_3_t6	-0.0885423853607409	-0.027861456491607643	-0.10217537672986994
destabilizing_treatment_3_t7	-0.060929336967604455	-0.005955825132187863	-0.1166785015564215
destabilizing_treatment_3_t8	0.041051513494543806	-0.05287615502606761	-0.09029774209410235
destabilizing_treatment_3_t9	0.07643168548038783	-0.10686602073768935	-0.07473203201134168
destabilizing_treatment_4_t0	0.007139396168360435	-0.0018341384010056516	-0.007041576999740289
destabilizing_treatment_4_t1	0.040782130608537505	0.03190067877143106	-0.19583775130374295
destabilizing_treatment_4_t2	0.0429606825159488	0.0797999111308609	-0.19671404402665407
destabilizing_treatment_4_t3	0.0016043748600991295	0.05754730354851617	-0.18011470186915068
destabilizing_treatment_4_t4	0.03562559253991909	-0.050506766125685526	-0.13475496394173647
destabilizing_treatment_4_t5	-0.004138478049650118	0.03247379289008706	-0.11414489896621413
destabilizing_treatment_4_t6	-0.03553686114091323	0.010784260328541666	-0.19412137530135026
destabilizing_treatment_4_t7	-0.031863756619626885	-0.020311803575139516	-0.32712943656172655
destabilizing_treatment_4_t8	-0.10380279526929102	-0.0634013382817043	-0.2706156148048069
destabilizing_treatment_4_t9	-0.09095857665380838	-0.0355993653827534	-0.2384424838077629
destabilizing_treatment_5_t0	-0.00928390420874981	-0.0018755290962984494	0.009581968190063165
destabilizing_treatment_5_t1	-0.022435869612259726	-0.08282783583191086	-0.10096063007061544
destabilizing_treatment_5_t2	0.05688256947828775	-0.03166478174717263	-0.04731234275518828
destabilizing_treatment_5_t3	0.10693912156525753	-0.02043476989442386	-0.1136898463709903
destabilizing_treatment_5_t4	0.08851015544063139	-0.04213523996733076	-0.04306826869258268
destabilizing_treatment_5_t5	0.09733119115156173	0.08099669435969349	0.025702662668696433
destabilizing_treatment_5_t6	-0.011344872427465735	0.15805650716649838	0.06883379683206384
destabilizing_treatment_5_t7	0.008885273416483767	0.09239131781265326	0.1491527986125139
destabilizing_treatment_5_t8	-0.06891679922176154	0.09675355202573167	0.16261402256142857
destabilizing_treatment_5_t9	-0.1914329936102861	0.0202255412471945	0.17379844393279376
destabilizing_treatment_6_t0	0.0004405446767994459	-0.009882671325659495	0.0007995346378934998
destabilizing_treatment_6_t1	-0.03232892331409017	-0.02121310541364063	0.009511420853514894
destabilizing_treatment_6_t2	-0.0675565122363658	-0.004492170929123553	0.04215507790882754
destabilizing_treatment_6_t3	-0.14755545254994903	0.030278996099063663	0.08110107369803499
destabilizing_treatment_6_t4	-0.1201718532441662	0.1310792296903152	0.21216722555841214
destabilizing_treatment_6_t5	-0.13434329209522683	0.05016752332934325	0.15531806138715512
destabilizing_treatment_6_t6	-0.21885656024757807	0.14066133531240715	0.026044226180543306
destabilizing_treatment_6_t7	-0.19015249824470232	0.15490606642191113	0.08315573010207339
destabilizing_treatment_6_t8	-0.11531781064292074	0.22811806048523137	0.06573105451361619
destabilizing_treatment_6_t9	-0.16282712578181066	0.2188376952365343	0.06431224889753466
destabilizing_treatment_7_t0	-0.007317712574064426	0.0031837048183726924	0.0025734788132593177
destabilizing_treatment_7_t1	0.07561699651722269	-0.0022764083313013264	0.01960774609222625
destabilizing_treatment_7_t2	0.17522966422155395	0.08883887322929246	0.055611409661823714
destabilizing_treatment_7_t3	0.10365234348575088	0.08249098624776764	-5.094880398480439e-06
destabilizing_treatment_7_t4	-0.11143010464158	0.08843920083963183	0.025682653686395933
destabilizing_treatment_7_t5	-0.19534676245483468	0.006127503732852757	0.0017996797695404576
destabilizing_treatment_7_t6	-0.14953360277489056	0.08119198540421375	-0.11181990293002704
destabilizing_treatment_7_t7	-0.1393902854234766	-0.02892374804779281	-0.041111038576076536
destabilizing_treatment_7_t8	-0.16066250245204583	-0.049471388861838286	0.031143902156923267
destabilizing_treatment_7_t9	-0.08864551849088508	-0.18087118784561462	-0.012916860155355904
destabilizing_treatment_8_t0	-0.0070938981475848475	0.007532909230122278	0.007919164481647116
destabilizing_treatment_8_t1	-0.06994700050884455	-0.03802707760465794	0.020963801946221376
destabilizing_treatment_8_t2	-0.04300324077456712	-0.017097485559197982	0.06414517220969451
destabilizing_treatment_8_t3	-0.08050619567318534	0.03822791929337332	0.025164721675460452
destabilizing_treatment_8_t4	-0.05740951967768061	0.03645613244105828	0.07525301391778588
destabilizing_treatment_8_t5	0.007916377256043258	0.04766666292645276	0.06774405891075638
destabilizing_treatment_8_t6	0.03681216994984571	0.08634534656662299	0.13947055510972434
destabilizing_treatment_8_t7	0.07913041459842815	0.109945568571146	0.14977424843925233
destabilizing_treatment_8_t8	0.1371680538582872	-0.005950236986433224	0.21840003902025762
destabilizing_treatment_8_t9	0.12299160789846177	-0.035401033758183986	0.19850572544196285
destabilizing_treatment_9_t0	-0.008317457934324986	-0.008804375823447903	-0.008360273762995904
destabilizing_treatment_9_t1	0.0485978616333238	-0.08930957249005103	0.008085253782437178
destabilizing_treatment_9_t2	0.08115226715607213	-0.04223792692833668	0.020547705157384438
destabilizing_treatment_9_t3	-3.682480920165487e-05	0.027686814527726436	0.016904760924723972
destabilizing_treatment_9_t4	0.021414243172492787	0.0015002173971236897	0.09711650463574695
destabilizing_treatment_9_t5	-0.04285672021791376	-0.023217783512674357	-0.006320282682368936
destabilizing_treatment_9_t6	-0.0677300002350827	0.04439832888598527	0.05055294281541337
destabilizing_treatment_9_t7	-0.17259664783258483	0.07961995138970138	-0.02857297874658698
destabilizing_treatment_9_t8	-0.1603554987280663	-0.07354443725971682	0.04737113296928592
destabilizing_treatment_9_t9	-0.1299536178825183	-0.13115222870426477	0.03682398459637859
destabilizing_treatment_10_t0	-0.0045757430678662605	-0.0003480142279563614	0.008835437992225364
destabilizing_treatment_10_t1	0.0074297631525578845	0.03227184080317271	0.05370945515681671
destabilizing_treatment_10_t2	0.042813236058767135	0.07474670326355407	-0.017788434731587414
destabilizing_treatment_10_t3	0.04664434098790659	0.020126121288996247	-0.07167674864138096
destabilizing_treatment_10_t4	0.09028807688817816	0.05252239732066511	-0.05969519830992451
destabilizing_treatment_10_t5	0.0619163485972811	-0.07879009549357532	-0.06146183524449192
destabilizing_treatment_10_t6	-0.010482324955495705	-0.08340247292456572	-0.015046406732521868
destabilizing_treatment_10_t7	-0.03537050042632242	-0.12167021436776634	-0.06636292424178558
destabilizing_treatment_10_t8	-0.08394652491790464	-0.16927013386550982	-0.05516474690370654
destabilizing_treatment_10_t9	-0.22552610534074127	-0.14697407360895098	-0.08820553440040557
destabilizing_treatment_11_t0	0.001660094082830188	0.002573887782289708	0.009583890368086384
destabilizing_treatment_11_t1	-0.09716712237642922	-0.07848834866382225	-0.06432954460944812
destabilizing_treatment_11_t2	-0.07191563087018864	-0.1583820223366894	-0.02744740518113977
destabilizing_treatment_11_t3	0.005854159478668075	-0.13853728771051907	0.0060208863973523485
destabilizing_treatment_11_t4	-0.05565995209929555	-0.08370342047224952	0.13183776968334865
destabilizing_treatment_11_t5	-0.055837131665970374	-0.12626555823622462	0.13065272132701686
destabilizing_treatment_11_t6	-0.05222546364917837	-0.13209237330019308	0.18083837573653744
destabilizing_treatment_11_t7	-0.1450535009476129	-0.0417247639873205	0.14421205910236906
destabilizing_treatment_11_t8	-0.14931206910086567	0.0858604384779045	-0.006189492279373737
destabilizing_treatment_11_t9	-0.0322623992666177	0.1055649717182191	-0.1444960064280591
destabilizing_treatment_12_t0	0.0010024753254094265	-0.009292887581735368	0.007146766619120464
destabilizing_treatment_12_t1	0.030997504523953317	-0.03627030140822694	-0.07826066601593588
destabilizing_treatment_12_t2	-0.009292109349272337	-0.052196888669521394	-0.14622474008378095
destabilizing_treatment_12_t3	-0.03293616363123901	-0.1294258377695635	-0.12555132494001447
destabilizing_treatment_12_t4	-0.0003106058265676323	-0.06452938643043515	-0.13287899451651616
destabilizing_treatment_12_t5	-0.039546781227107315	-0.08111680980311498	-0.09579507619281279
destabilizing_treatment_12_t6	0.11132471602384872	-0.13268598282055438	-0.04722306511664535
destabilizing_treatment_12_t7	0.1610844830469664	-0.1456287242864486	-0.04567272270159175
destabilizing_treatment_12_t8	0.14588367909344888	-0.16819422282466637	0.01844444155813125
destabilizing_treatment_12_t9	0.12579940718234567	-0.16169783560390716	-0.13530585128653544
destabilizing_treatment_13_t0	0.0010100357329423314	-0.001443200688937054	-0.001102273842400714
destabilizing_treatment_13_t1	0.0604274197319449	0.04816967429828639	-0.13409737001732985
destabilizing_treatment_13_t2	0.04446364390572999	0.00036884992637048475	-0.12132797688600455
destabilizing_treatment_13_t3	0.04587764872228833	0.14355504720790754	-0.11230951643612523
destabilizing_treatment_13_t4	-0.06477113155116337	0.21457596599856102	-0.09026254337151647
destabilizing_treatment_13_t5	0.05678330456941953	0.1977617973992695	-0.15840162856966628
destabilizing_treatment_13_t6	0.09103041620056251	0.20836186738114304	-0.14107576460062835
destabilizing_treatment_13_t7	0.1850877153431155	0.1501938107461066	-0.1492129372774324
destabilizing_treatment_13_t8	0.21560182659438057	0.22130347708931358	-0.05597610300286493
destabilizing_treatment_13_t9	0.16562896234143665	0.2278464405847494	-0.05013123572598473
destabilizing_treatment_14_t0	-0.0008857697256518571	-4.8055082133653394e-05	-0.0035014565559600965
destabilizing_treatment_14_t1	-0.06326787757374291	0.014771799698975302	0.09276221690514999
destabilizing_treatment_14_t2	-0.030635811058314144	0.04168628515279847	0.021026057626204922
destabilizing_treatment_14_t3	0.09321387607739658	0.05721767737487815	0.0037640058628159445
destabilizing_treatment_14_t4	0.043214403534155635	0.12406234420627847	0.07635958848529713
destabilizing_treatment_14_t5	0.03138033614926067	0.11105125762356723	0.04022227121121581
destabilizing_treatment_14_t6	0.1695896048709018	0.06596566795719014	-0.03842917127497489
destabilizing_treatment_14_t7	0.2485361312584812	0.09389850854192008	-0.08227679578014051
destabilizing_treatment_14_t8	0.17529134617361952	0.05259587321648088	-0.021983366035212504
destabilizing_treatment_14_t9	0.1504729215588483	0.02508715751918101	-0.08091348323729197
destabilizing_treatment_15_t0	-0.003436267377404376	-0.0024830986456403827	-0.005519333771982953
destabilizing_treatment_15_t1	-0.05963641748210831	-0.02868922445596407	0.021325910734002106
destabilizing_treatment_15_t2	0.04861334732504913	0.013650414929526476	-0.05365511855704614
destabilizing_treatment_15_t3	0.04530088265468721	-0.054218195694537376	-0.021597136799328197
destabilizing_treatment_15_t4	0.06405015871212079	-0.1652118077120494	0.025095578936066384
destabilizing_treatment_15_t5	0.031447056686751074	-0.20622533071976368	-0.07756830657271119
destabilizing_treatment_15_t6	-0.02417817560368591	-0.21055955056256753	-0.1077661414443285
destabilizing_treatment_15_t7	-0.032152210012741045	-0.25335919186969513	-0.14153659341182698
destabilizing_treatment_15_t8	-0.02480014790069244	-0.3162958705656107	0.030038029415422607
destabilizing_treatment_15_t9	0.0415065728396509	-0.32684706830488475	0.016707989116665958
destabilizing_treatment_16_t0	0.006194798279493601	-0.00482856971759946	-0.005453551828206207
destabilizing_treatment_16_t1	0.052304927952602234	-0.08011653587543491	0.04078328636804003
destabilizing_treatment_16_t2	0.04238820366899107	-0.1225966883732034	-0.015809630403916183
destabilizing_treatment_16_t3	0.08187956577956071	-0.055308526940422556	0.05421768693695721
destabilizing_treatment_16_t4	0.01952516413875747	-0.1575102065183267	-0.029562079514398654
destabilizing_treatment_16_t5	-0.009423419354266042	-0.18617949303512643	-0.037193614012419864
destabilizing_treatment_16_t6	-0.00023812190155479522	-0.2176002853951725	-0.09731835849819273
destabilizing_treatment_16_t7	0.01589715107617562	-0.3423454907674332	-0.10207036561328844
destabilizing_treatment_16_t8	0.03951851815118811	-0.2765271446413878	-0.153857250408567
destabilizing_treatment_16_t9	0.0640085581794838	-0.2715930984446918	-0.1317964825947024
destabilizing_treatment_17_t0	-0.0017460717891148404	-0.004363162339364975	0.000317010662882522
destabilizing_treatment_17_t1	-0.0651032240733473	-0.02925525274615773	-0.0354771209335066
destabilizing_treatment_17_t2	-0.16026894568816025	-0.05267716189640939	-0.08513009684484651
destabilizing_treatment_17_t3	-0.16809199612331632	0.038054961199324444	-0.13250867540071196
destabilizing_treatment_17_t4	-0.15769803770454113	-0.11940813671131889	-0.13844223595484373
destabilizing_treatment_17_t5	-0.08058830860608182	-0.1448564980996884	-0.13885890243458537
destabilizing_treatment_17_t6	-0.11092449412687724	-0.14467029001556972	-0.19382269172317318
destabilizing_treatment_17_t7	-0.21831341802617554	-0.1049307320067081	-0.2637005597378326
destabilizing_treatment_17_t8	-0.20957408996154175	-0.21335090169997778	-0.26272550857997096
destabilizing_treatment_17_t9	-0.2518724195478132	-0.1983091175596847	-0.14883028405263352
destabilizing_treatment_18_t0	0.0032588446631901923	0.0063907030353971385	-0.0022585139566844536
destabilizing_treatment_18_t1	-0.013557347745348418	0.08279903093102815	-0.017647368717551452
destabilizing_treatment_18_t2	0.025589030206992963	-0.04519473213216531	-0.23476983176343108
destabilizing_treatment_18_t3	0.041811072731150374	0.022475082166341434	-0.21307032171120022
destabilizing_treatment_18_t4	-0.012710512219653539	-0.05744911128011612	-0.16148873308272232
destabilizing_treatment_18_t5	0.03103394708609941	0.04507169220280702	-0.18282138649847712
destabilizing_treatment_18_t6	0.00438856635793634	-0.020695367858725472	-0.23804011223095345
destabilizing_treatment_18_t7	0.03391451700865004	-0.09876168354641603	-0.22500174671984666
destabilizing_treatment_18_t8	0.047476992683323616	-0.004952617343607857	-0.241172461703663
destabilizing_treatment_18_t9	0.07816830644651947	0.021856769180966143	-0.03877910269726148
destabilizing_treatment_19_t0	-0.004636992341170743	-0.00642081998710363	-0.0003307149569411849
destabilizing_treatment_19_t1	0.10071582477808534	0.006897539358007405	0.039707299372427445
destabilizing_treatment_19_t2	-0.06604780899968353	-0.016892725647447756	0.009531054413483602
destabilizing_treatment_19_t3	0.008649638366611659	-0.038986664577059266	0.06749792657296061
destabilizing_treatment_19_t4	0.037514941855461365	-0.10580442564624437	0.09326321488474588
destabilizing_treatment_19_t5	-0.05815686079762267	0.004261665330715869	-0.020689691819317776
destabilizing_treatment_19_t6	-0.13212962897304747	-0.03903686234124299	-0.08288982801149833
destabilizing_treatment_19_t7	-0.021999578109628784	-0.0839054685767916	-0.026556922657845712
destabilizing_treatment_19_t8	-0.04881248187071485	-0.19761627897824097	-0.026825150626611578
destabilizing_treatment_19_t9	-0.08741988359727132	-0.10431008821735899	-0.07842902931198947
destabilizing_treatment_20_t0	0.004425563313412	-0.005388100318290654	0.0019515965851321093
destabilizing_treatment_20_t1	0.08267610979331437	0.09745026407158468	-0.06162466125502683
destabilizing_treatment_20_t2	0.04379934037105195	0.004758283686191522	-0.07030636070813102
destabilizing_treatment_20_t3	0.1144047272990878	-0.02948139077869235	-0.0836067464872499
destabilizing_treatment_20_t4	0.08165800312138585	-0.038824121478963296	-0.040589578230612794
destabilizing_treatment_20_t5	0.03433314339865906	-0.139382837941256	-0.060805844586381164
destabilizing_treatment_20_t6	0.15950215682925759	-0.19764922190631448	-0.01430212640750321
destabilizing_treatment_20_t7	0.18057900830540752	-0.24073401081045506	-0.03114074196967335
destabilizing_treatment_20_t8	0.11013613163670534	-0.22495377871466707	-0.01405576890843499
destabilizing_treatment_20_t9	0.1386148774821582	-0.20103021168124116	-0.03453425993275272
destabilizing_treatment_21_t0	-0.006593896490164499	0.006542683615984169	0.008846396692648346
destabilizing_treatment_21_t1	-0.005743036212122863	-0.011919184891927616	0.12730805752238586
destabilizing_treatment_21_t2	-0.07535837678886646	-0.012231114209806266	0.04899906896350352
destabilizing_treatment_21_t3	0.05802013799972726	-0.046683455198810044	0.09474473646636772
destabilizing_treatment_21_t4	0.12791182298337478	-0.14319914639911288	0.09675776018965404
destabilizing_treatment_21_t5	0.06077094833721752	-0.10837931737795922	-0.011378288251104277
destabilizing_treatment_21_t6	0.07866561028786088	-0.03738242423862137	-0.06771964066153921
destabilizing_treatment_21_t7	0.11819070671494653	0.03211489154305473	-0.09375090037749592
destabilizing_treatment_21_t8	0.14665045109791375	-0.007340693420780087	-0.06943727892973675
destabilizing_treatment_21_t9	0.08022554539599978	0.015423009177771993	-0.05854355448006137
destabilizing_treatment_22_t0	-0.009219543208758429	0.0051160421817665405	0.0006729518230979315
destabilizing_treatment_22_t1	-0.09779904744140479	0.026538473685306818	0.04226104194056183
destabilizing_treatment_22_t2	-0.2098062967455379	0.02524393519797505	0.0021814955935260186
destabilizing_treatment_22_t3	-0.08792250765770362	0.041167842374444416	0.023077522487446638
destabilizing_treatment_22_t4	-0.12819151947429946	0.1417899431606491	0.01803039096892278
destabilizing_treatment_22_t5	-0.030844807422524934	0.15453795935892184	0.13739251116506965
destabilizing_treatment_22_t6	-0.02336561087392193	0.16849079723539384	0.12870161555719548
destabilizing_treatment_22_t7	0.04655375238114817	0.1738599899137879	0.16835983156242876
destabilizing_treatment_22_t8	0.05779490189167296	0.2656248414298058	0.2161379299762839
destabilizing_treatment_22_t9	0.1110191342429471	0.28856240298413777	0.3148836060244294
destabilizing_treatment_23_t0	0.0013432644456208998	-0.00855058731697373	-0.0003011746438906071
destabilizing_treatment_23_t1	-0.010531475889176183	-0.07908096344000246	0.05253011174905647
destabilizing_treatment_23_t2	0.014839239461877745	-0.03632227471956208	0.022419274091524125
destabilizing_treatment_23_t3	-0.028796374336942657	-0.10442493335521508	-0.0801355103769046
destabilizing_treatment_23_t4	-0.10924956092662257	-0.08691579798542992	-0.060761547129853793
destabilizing_treatment_23_t5	-0.09441371523093697	-0.13592929864592296	-0.06080465190200294
destabilizing_treatment_23_t6	-0.17539780185220416	-0.26303064159542133	-0.02415044529918338
destabilizing_treatment_23_t7	-0.1441223459361225	-0.38494679582357083	-0.057770943142661006
destabilizing_treatment_23_t8	-0.185813480306029	-0.3547142255109807	-0.056292490544387626
destabilizing_treatment_23_t9	-0.11324341801657087	-0.24606815459546058	0.03596285571557454
destabilizing_treatment_24_t0	-0.00354277785769505	0.007454506310683378	0.000592402275902948
destabilizing_treatment_24_t1	0.053516661471156406	0.0312957676968503	0.09308292580149312
destabilizing_treatment_24_t2	0.08674273585680614	0.09610745498463304	0.1661735224863965
destabilizing_treatment_24_t3	0.09392793904144696	0.1155512008917042	0.08300193972754005
destabilizing_treatment_24_t4	0.06457466918818736	0.15279270118173233	0.09732785405531817
destabilizing_treatment_24_t5	-0.05835249531934521	0.13020053630663148	0.09365652108553871
destabilizing_treatment_24_t6	0.02708037822963752	0.13090375322985565	0.11672856676461715
destabilizing_treatment_24_t7	-0.03868386247003239	0.12060991536256456	0.10057957340447296
destabilizing_treatment_24_t8	0.01678653510767556	0.05962067685118587	0.14682726355313663
destabilizing_treatment_24_t9	0.06278281471245628	0.039956085060857835	0.20755298729532973
destabilizing_treatment_25_t0	0.008547660350778839	0.004995829091592093	0.0021686462173165478
destabilizing_treatment_25_t1	0.05019042820719197	-0.013490944865931293	0.03085827678376219
destabilizing_treatment_25_t2	0.011510670227645473	-0.0025984661545874477	0.004561656911556487
destabilizing_treatment_25_t3	-0.0065428436469480294	-0.05713781032558247	-0.06724437117417328
destabilizing_treatment_25_t4	-0.10066478302875069	-0.095532038929528	-0.10878102972522521
destabilizing_treatment_25_t5	-0.06875696397333134	0.003940183864655986	-0.1139250146732397
destabilizing_treatment_25_t6	-0.08893428854717139	-0.045838858870999116	-0.21235149131171843
destabilizing_treatment_25_t7	-0.15344664213322848	-0.11855311198314301	-0.23847910063420577
destabilizing_treatment_25_t8	-0.06257431394737419	-0.2283070912665075	-0.2663257710161058
destabilizing_treatment_25_t9	-0.12253364617774995	-0.2641092938702455	-0.2560330483448507
destabilizing_treatment_26_t0	-0.004577849448742828	0.008182701292231675	-0.004717810512463818
destabilizing_treatment_26_t1	0.07765754375288084	0.11677530739234988	0.006009913105930413
destabilizing_treatment_26_t2	0.12487698888687265	0.013368862278036533	0.04461885450001546
destabilizing_treatment_26_t3	0.045468189096325856	0.02777193316660996	0.14531622280191148
destabilizing_treatment_26_t4	0.0603303694990813	0.040854720210843166	0.17251193365930556
destabilizing_treatment_26_t5	0.068632392232372	-0.07077194778435678	0.18905705822638766
destabilizing_treatment_26_t6	0.1630929513923408	-0.08542796244121506	0.22816709631546067
destabilizing_treatment_26_t7	0.18874971946018165	-0.09204843930364798	0.16321388254129654
destabilizing_treatment_26_t8	0.08689648926292141	-0.06278880529100758	0.2759050624825744
destabilizing_treatment_26_t9	0.08718418065747667	-0.11242580321449719	0.25779401445307704
destabilizing_treatment_27_t0	0.0011908640671611838	-0.0003557174912440675	-0.003991928980742136
destabilizing_treatment_27_t1	0.07542181070710467	0.061739370982701366	-0.026836350437443226
destabilizing_treatment_27_t2	0.07217697172050179	0.13185328177050146	-0.04878650465085986
destabilizing_treatment_27_t3	0.15199297154763136	0.1265959992427267	-0.007699179077256209
destabilizing_treatment_27_t4	0.05931401072523655	0.04701009173242199	-0.03243332936583532
destabilizing_treatment_27_t5	0.019529112728803415	0.12519821979653373	-0.062115768273198924
destabilizing_treatment_27_t6	0.10389103606766958	0.053371187213641744	-0.05273116423285468
destabilizing_treatment_27_t7	0.06377194779425571	0.045476633937364286	-0.06050395580802202
destabilizing_treatment_27_t8	0.0070271765391469315	0.11378910865849952	-0.031140435841415046
destabilizing_treatment_27_t9	0.1905080072361499	0.09527717715444327	-0.008309059009132716
destabilizing_treatment_28_t0	-0.005779792030837912	-0.009259723130272391	-0.008434850839695066
destabilizing_treatment_28_t1	-0.04521822869796425	-0.011660676590101957	-0.09581759043145463
destabilizing_treatment_28_t2	-0.12374331178159093	0.03295969051524129	-0.0315584301198986
destabilizing_treatment_28_t3	-0.0027211917697490123	-0.037760996300557965	-0.03701520624001481
destabilizing_treatment_28_t4	0.0045466771932604465	-0.13179968635812442	-0.06980797071127356
destabilizing_treatment_28_t5	-0.013909240926597169	-0.12713509972741047	-0.0803498837894916
destabilizing_treatment_28_t6	-0.05561494532541026	-0.118730232609914	-0.08565822176447281
destabilizing_treatment_28_t7	-0.034879589976512325	-0.23924703041113765	-0.05894214421622823
destabilizing_treatment_28_t8	-0.07419447045129647	-0.19118974077656603	-0.02700066808231999
destabilizing_treatment_28_t9	-0.15699480255856085	-0.2131132070718646	-0.09152346787884043
destabilizing_treatment_29_t0	-0.0023617417115447624	0.004008129022783235	0.00604969600028387
destabilizing_treatment_29_t1	-0.011458205931184145	0.031579272556575576	-0.05957407008806965
destabilizing_treatment_29_t2	-0.13261368700926665	-0.017064864250030752	0.021466682693236434
destabilizing_treatment_29_t3	-0.18866737181615584	-0.07321549422878398	-0.0942032704204056
destabilizing_treatment_29_t4	-0.11093723392423958	-0.05610496675163532	0.04224004446334084
destabilizing_treatment_29_t5	-0.04006883458197154	-0.0011449914315464285	-0.0026705355408762205
destabilizing_treatment_29_t6	0.06845144869020658	0.03863111741950835	0.03218989114324644
destabilizing_treatment_29_t7	-0.01927767851928315	0.011789160658334925	0.022283215488468927
destabilizing_treatment_29_t8	-0.05369668229576797	-0.02698957568326561	-0.020155336105492715
destabilizing_treatment_29_t9	-0.07816454259105066	-0.06183960687168599	-0.07357878728577152
destabilizing_treatment_30_t0	-0.00948695174329682	0.004675527902411747	-0.003131067358173969
destabilizing_treatment_30_t1	-0.1174429199063018	0.017513619824664303	-0.17576394398064868
destabilizing_treatment_30_t2	-0.1675225186354975	0.029298105915993085	-0.21708527037772143
destabilizing_treatment_30_t3	-0.2437808964520412	0.029348148899790177	-0.17805139207003431
destabilizing_treatment_30_t4	-0.1598676808157633	0.13654282178328747	-0.15924332988261897
destabilizing_treatment_30_t5	-0.07386838118726403	0.11488990412917378	-0.09461724407901853
destabilizing_treatment_30_t6	-0.057919371034274234	0.10240425045062429	-0.1282199556231688
destabilizing_treatment_30_t7	0.046793723964900474	-0.010297370010696652	-0.1149351015896521
destabilizing_treatment_30_t8	0.20135964354404315	0.0347923193898548	-0.15298434237979824
destabilizing_treatment_30_t9	0.18378055710335486	0.07380320001808482	-0.16242013294853969
destabilizing_treatment_31_t0	0.001261692798473526	0.002462881296669408	0.0017012658089203935
destabilizing_treatment_31_t1	0.03702040792129791	0.009680332329398349	0.0702644845224708
destabilizing_treatment_31_t2	0.03459483772875372	-0.05002227893532936	-0.016482225732644656
destabilizing_treatment_31_t3	0.08534655438049552	-0.02475203310666461	0.06080437031667564
destabilizing_treatment_31_t4	-0.049005521757342685	-0.006369534627789306	0.010047081967539132
destabilizing_treatment_31_t5	-0.03586239451145575	-0.1274602872148168	0.033008697288703634
destabilizing_treatment_31_t6	-0.034284265816648805	-0.12356005253155651	0.11475911078303942
destabilizing_treatment_31_t7	-0.1862517351029002	-0.020654290672481895	0.14376099651236038
destabilizing_treatment_31_t8	-0.13407780240911926	0.0005308126951648617	0.061862862327369275
destabilizing_treatment_31_t9	-0.10061258364221337	0.09436855718605516	0.011188383215650612
destabilizing_treatment_32_t0	-0.002389839857570044	-0.008775000149225274	-0.0063490325941087875
destabilizing_treatment_32_t1	0.01665269065898467	0.04328338053663024	0.0327308549028659
destabilizing_treatment_32_t2	0.00048520722022002416	0.0028476208389824897	0.06344018302285503
destabilizing_treatment_32_t3	0.02946737041257635	-0.010072720264218477	-0.009281607981702383
destabilizing_treatment_32_t4	-0.02119762889899852	-0.08335750332783548	-0.050958103238693514
destabilizing_treatment_32_t5	0.04028232464232666	-0.0842697345629048	-0.03892532695308505
destabilizing_treatment_32_t6	0.07617448041294692	-0.0755320827551186	-0.19154903633799308
destabilizing_treatment_32_t7	0.030192824638985094	0.0017119190201600881	-0.23039391105950133
destabilizing_treatment_32_t8	-0.06899794728154143	0.09446428034118458	-0.26331329065620107
destabilizing_treatment_32_t9	-0.08714201687443994	0.1073500697306028	-0.2244788107122811
destabilizing_treatment_33_t0	0.0029675461380515157	0.009549524490031	-0.008265906427386751
destabilizing_treatment_33_t1	0.09570329166994906	-0.06072233939517139	-0.08779355488220765
destabilizing_treatment_33_t2	0.18102424705092723	-0.016735249850144858	-0.05597414056874489
destabilizing_treatment_33_t3	0.012744964425380867	-0.02594270624562897	0.04732925216925586
destabilizing_treatment_33_t4	0.012359813873529472	-0.11825381609962934	-0.05682276692540217
destabilizing_treatment_33_t5	0.17786541367825306	-0.1523932337623758	-0.027958375827336304
destabilizing_treatment_33_t6	0.3119500757295802	-0.23208857668232996	0.08711833152919439
destabilizing_treatment_33_t7	0.23172196590255556	-0.31601420658136214	0.07218603835544514
destabilizing_treatment_33_t8	0.22136548207512374	-0.2646917385566382	0.1802030802083669
destabilizing_treatment_33_t9	0.15602622612350725	-0.328925905559113	0.13233591523835453
destabilizing_treatment_34_t0	0.006164919264710667	0.0024860237368596392	-0.00779831125277759
destabilizing_treatment_34_t1	0.07772838366206533	0.06418369687570631	0.03840482241811516
destabilizing_treatment_34_t2	0.09469166683446004	-0.01236309734944395	0.08706742348058777
destabilizing_treatment_34_t3	0.0561963902142712	-0.053391589418254844	-0.02798078270325259
destabilizing_treatment_34_t4	0.02144759792673194	0.02988138036501608	-0.06135786199728287
destabilizing_treatment_34_t5	0.02909911731303204	0.0042196058923928935	0.023576023134399313
destabilizing_treatment_34_t6	0.0729577205220231	-0.07155229261949592	0.08700599951982062
destabilizing_treatment_34_t7	-0.06936784763249684	-0.03703958372365917	0.03515545100643665
destabilizing_treatment_34_t8	0.08992210116627586	-0.046086450679035273	-0.04338561341406945
destabilizing_treatment_34_t9	0.06291484099036442	-0.006359444342348655	0.06578853192802392

Biplot	0	0

Site constraints	0	0
