Eigvals	0

Proportion explained	0

Species	0	0

Site	770	3
155.0	0.0033515903632251897	0.00297585556766887	-0.008828549405892583
155.1	0.0033515903632251897	0.00297585556766887	-0.008828549405892583
155.2	0.056106744147956744	0.02233784120761558	-0.013312901574083914
155.3	0.06467119287756169	0.1471939070450539	0.05502088028804961
155.4	0.073686038916482	0.009644313404378213	0.014097368642517386
155.5	0.029033419404758495	-0.03775141982626862	-0.019671073533569686
155.6	0.07741100525987812	-0.13205101434540023	-0.08225662615505593
155.7	0.05768342216005323	-0.19323633883729263	-0.12247964555199449
155.8	0.1064942400737654	-0.12337843581234631	-0.21297358154715945
155.9	0.090164479218135	-0.1563103249603965	-0.18359437633481385
155.10	0.054597468733579166	-0.12448541358800272	-0.12398955329229616
156.0	0.00933559578193472	0.0051826548593943466	-0.008699965036585131
156.1	0.00933559578193472	0.0051826548593943466	-0.008699965036585131
156.2	0.018097264941047644	0.0003749504464006419	0.009430962561994927
156.3	-0.003140236498067866	-0.05043113917458244	0.07415926954229635
156.4	-0.04633479581377897	-0.15065781699425299	0.08994898910370125
156.5	-0.08193598544489217	-0.054797608903169245	0.1621483506145407
156.6	-0.22766136216570768	-0.05640602995868429	0.15330035393753355
156.7	-0.08722329230296491	-0.02671256240948929	0.11327811169897961
156.8	-0.09607123721675725	-0.04967158610498605	0.07536223462462137
156.9	-0.1095273647083336	-0.038912657684354306	-0.03540650154561327
156.10	-0.14810899709744793	0.02866806381362364	0.00446900491244339
157.0	0.0008554759927475764	0.0026798363413421855	-0.002988684382802773
157.1	0.0008554759927475764	0.0026798363413421855	-0.002988684382802773
157.2	0.024393515458123002	-0.08000162092464586	0.0925655854898791
157.3	0.10551929102077737	-0.03814162872669406	0.14787954181760338
157.4	0.009779618650502142	0.008043286000053176	0.18070084177627882
157.5	0.05521439946104853	-0.06344621794609366	0.15899374144866305
157.6	0.04432170612069718	-0.13482309590080482	0.09287042776458881
157.7	0.07622006963562969	-0.0559357606370951	0.09860596601886992
157.8	0.11371442600263845	-0.08614331072398634	0.0618889068591352
157.9	0.21766535512234803	-0.026627629684634266	0.0033309825652679537
157.10	0.15600453364323313	-0.03976651282075554	0.16657545760358303
158.0	0.007845733536881169	0.004852072554974944	0.00027047690224697664
158.1	0.007845733536881169	0.004852072554974944	0.00027047690224697664
158.2	0.11018277035718962	0.11874065488060148	-0.00862412901259105
158.3	0.05034011835830027	0.1652772109169203	-0.017350817096309343
158.4	0.07768879973119654	0.058552654078549066	-0.07049698894075446
158.5	0.03872007585756439	0.0706618232376754	-0.05549768435587064
158.6	0.009658780706170773	0.03317908878592542	-0.1199758558120746
158.7	-0.051635807849066344	0.08406514660289763	-0.10307689233647199
158.8	0.0872089937319035	0.12564809282024264	-0.10466168679435182
158.9	0.14558014472954592	0.044837982286110106	-0.19893252529870073
158.10	0.10041755850690845	0.03898894669677305	-0.06191160026246925
159.0	0.006453504582341785	0.006574418209976733	0.005681745304620292
159.1	0.006453504582341785	0.006574418209976733	0.005681745304620292
159.2	-0.017180377665632268	-0.008509026436323761	-0.05449950496136829
159.3	-0.08501095956450828	-0.033154223691847534	0.03029414315360946
159.4	-0.15610040660773727	-0.07589334842073803	0.0649337704662456
159.5	-0.11503092872293963	-0.0983382414159999	0.11227514903921278
159.6	-0.1194923116268641	-0.05509827345485113	0.08261935035086747
159.7	-0.029937492660913417	-0.17586029994328836	0.036211593020458406
159.8	0.005827699103761824	-0.08832264598661815	0.0017511342623524329
159.9	0.10777191351934069	-0.050856182949383495	0.01191250993317591
159.10	0.10253070434603763	0.06663221791077448	0.03170327052164857
160.0	-0.0013828390556021276	0.0026537374182901917	0.0036039971232147837
160.1	-0.0013828390556021276	0.0026537374182901917	0.0036039971232147837
160.2	-0.10114515007260559	-0.08648722498169538	-0.061439953401494315
160.3	-0.14771384866824894	-0.13236842503476604	-0.1397099015668809
160.4	-0.04020476905014422	-0.05458826422235792	-0.11866227792134895
160.5	-0.07460036910314619	-0.07222075479980328	-0.028445152930311177
160.6	-0.06532538599047101	-0.050116031464191385	-0.01076826064683991
160.7	0.0329430251522419	-0.04141941951266723	-0.09905826107196794
160.8	-0.09338888456942881	0.028081931855602968	-0.10267214888815963
160.9	-0.13946839819831452	-0.011373881454672517	-0.14449248480482524
160.10	-0.10347937071810828	0.051721196957382524	-0.1589253334944894
161.0	-0.007720416448921926	0.008968019084570147	-0.008020533518100583
161.1	-0.007720416448921926	0.008968019084570147	-0.008020533518100583
161.2	-0.04088299910335761	0.10459818492322458	-0.08126691736118506
161.3	-0.06215850870068945	0.12486946691890544	-0.08583968172419706
161.4	-0.14177981178361349	0.039543954007976265	0.031604310004652136
161.5	-0.10356523829699178	0.06987408278997216	-0.059189763591546984
161.6	-0.03547682912158524	0.014553345591305965	-0.05980709223262667
161.7	-0.07584768050898343	0.043019542480631924	0.07350701064000159
161.8	-0.019805397295388973	0.08094254133473709	0.09373479683855285
161.9	-0.04534927794799607	0.09338851797658229	0.009291570116919362
161.10	-0.04447625329685621	0.11019971252103551	0.014742412716384249
162.0	-0.008319685047094292	2.902371234774659e-05	-0.002443350625557943
162.1	-0.008319685047094292	2.902371234774659e-05	-0.002443350625557943
162.2	-0.042646622156236234	-0.0032857749311963878	0.004326276087086417
162.3	-0.07897002688749527	-0.017139047928531378	-0.07429959135624262
162.4	-0.20362410482007018	0.008609027629160992	0.001049609504709878
162.5	-0.21042953653692809	0.034975896953984044	-0.05492869496778318
162.6	-0.10895354486817443	0.10896317930554864	-0.0971202333616113
162.7	-0.19670629296513883	0.07559616882969149	-0.22623981513763639
162.8	-0.1675794718157039	0.05379142515301024	-0.18207912255047862
162.9	-0.09745089914398504	0.07261828558228507	-0.12501155957742158
162.10	-0.09452930583643199	0.06071030171530732	-0.08866469873271798
163.0	0.001915290331249866	-0.0018644115695629715	-0.0015534190562564866
163.1	0.001915290331249866	-0.0018644115695629715	-0.0015534190562564866
163.2	-0.07706305562363408	0.04735745488185321	0.02860390306774836
163.3	-0.055504699411561914	-0.0024347338585907485	0.16852844846605097
163.4	-0.11312972657730438	0.019587130304075565	0.2112121292363836
163.5	-0.17656282668138384	0.02487328406775932	0.1220256247639265
163.6	-0.18789946331883503	0.0603058214720354	0.09823104959662392
163.7	-0.18836473558803313	0.06027916503618569	0.01689049764501567
163.8	-0.1465621749995917	0.06869407245764837	-0.11727456479997121
163.9	-0.08625989120236616	0.11616015465870097	-0.011247228249857619
163.10	0.019212759920383085	0.0996557799642808	0.08443540085308833
164.0	-0.00950339623284149	0.005314401248879504	-0.0009646417655134255
164.1	-0.00950339623284149	0.005314401248879504	-0.0009646417655134255
164.2	0.06650074206364173	0.03375083101479623	-0.008339074276337496
164.3	0.11345726542758316	0.0372034782422955	-0.08437221535850618
164.4	0.14380059015267216	0.07509824377110044	-0.0031526273408426786
164.5	0.05874649267159962	0.030073138418742554	-0.013780715609793716
164.6	-0.043693778669225636	-0.0664057823955981	0.013366392283893308
164.7	-0.08163790209979765	0.05223704645546233	0.05793076794253004
164.8	-0.06928369645019634	0.1058444359269496	0.08624971403494883
164.9	-0.042289288447472755	-0.0843441443078015	0.059632568086763496
164.10	0.006967854358022156	-0.07901792555947906	0.07620999244363937
165.0	-0.0002238160346221818	-0.0032991558247641353	0.008953425586472422
165.1	-0.0002238160346221818	-0.0032991558247641353	0.008953425586472422
165.2	0.014070639540091192	-0.0052675009441516185	-0.1797737381706391
165.3	0.07270256651627793	0.0010686713274953097	-0.1439345855965785
165.4	0.0680644772685961	0.05052413496050691	-0.07983898854207085
165.5	0.013715468454206223	0.04145081970141219	-0.07838184917784585
165.6	0.004371477650331093	0.019761704692472758	-0.11601050060860313
165.7	0.031324897579202156	0.04381989337815591	-0.18990820878567743
165.8	0.030402633719890354	-0.04540525444649371	-0.04751853158196723
165.9	-0.07012100535001646	-0.07485091215862048	-0.035800830214056556
165.10	-0.0787392761520847	0.020552310112518762	0.04285756589701768
166.0	-0.008502782346542252	0.0073229821258339305	0.003848039861174939
166.1	-0.008502782346542252	0.0073229821258339305	0.003848039861174939
166.2	-0.011334546514676065	-0.11555143172004262	0.0617180781779943
166.3	-0.14264925723872063	-0.19586401693220373	-0.06990075558935371
166.4	-0.06312701720592108	-0.13424366654044603	0.06250861912049593
166.5	-0.1357799740597202	-0.23603370874214213	-0.029872287342132015
166.6	-0.141463943926713	-0.24286946855210323	0.06088887329991488
166.7	-0.0918004924572765	-0.15589237608796808	0.12002973474305842
166.8	-0.018097641243253276	-0.17189776459857203	0.12747347711002788
166.9	-0.031874435618316044	-0.2036746138853546	0.13137073819052866
166.10	-0.12286635938419596	-0.13682455617762249	0.05646200165378758
167.0	-0.0019986166923725967	-0.006029634299598712	0.0015458432599965554
167.1	-0.0019986166923725967	-0.006029634299598712	0.0015458432599965554
167.2	-0.022119976773064702	0.09359647865411953	-0.023312457123594692
167.3	-0.12468723786778702	0.06464218783918929	-0.04227126145139567
167.4	-0.09708731758897879	0.05087790914114609	-0.07773287016790534
167.5	-0.11039737395046996	-0.030155354380923018	-0.08905904980034156
167.6	-0.11271883775196706	0.026093536950448144	-0.09143936070989664
167.7	-0.13071856003984061	0.08358059785812827	-0.006295749372632373
167.8	-0.13699040225676037	0.03927255950520574	0.0308946857116807
167.9	-0.14930582743309623	0.002597524158614431	0.03745134411181326
167.10	-0.21605577121078473	0.12993106907134983	0.10167057481602074
168.0	0.0036391016521711483	0.002421640263516618	-0.008635498298486935
168.1	0.0036391016521711483	0.002421640263516618	-0.008635498298486935
168.2	0.08829223348717608	0.0177590411682552	-0.07910014217378834
168.3	-0.029619419979657002	0.05185383423396346	-0.13695057813969147
168.4	0.05705645049251565	-0.01308828732642174	-0.08644169665864927
168.5	0.04899416126108907	-0.0491260166392392	-0.019469385791615945
168.6	-0.025548647950819174	0.03464070446012897	0.1277142316582578
168.7	-0.08586425309940438	-0.04055368729028459	0.0017518904098496324
168.8	-0.12331431700554749	-0.019900845437442485	-0.0016079074850541635
168.9	-0.09839684345791572	-0.006914411743387451	-0.02182220874191015
168.10	-0.015262100188276173	-0.03163887612120925	-0.005372689080830599
169.0	0.006140031025416844	0.0013019055765839172	0.002378407049589153
169.1	0.006140031025416844	0.0013019055765839172	0.002378407049589153
169.2	0.0636645821251401	-0.026322630606624542	0.015353056965494149
169.3	-0.009761630753942416	0.11423699794007128	0.06202427707032558
169.4	0.12325971889671368	-0.07705016555983785	-0.003476636610308101
169.5	0.03368190881911877	-0.031718030829024926	-0.006299926612280741
169.6	-0.010716075808972686	-0.0006696829459195974	-0.01810602243592402
169.7	-0.029308826450662868	-0.04345874145678315	0.05805805351695223
169.8	-0.1298941997753193	-0.036102265852745695	0.029246856096794942
169.9	-0.04819167846130519	-0.048327400685318087	0.17015030726928526
169.10	0.032486151540230046	-0.0046146152325402395	0.09681967825923529
170.0	0.009886321204005247	-0.003513033157305139	-0.0007403268796411911
170.1	0.009886321204005247	-0.003513033157305139	-0.0007403268796411911
170.2	-0.013807925481747429	-0.05877370838466512	0.01191420153383294
170.3	-0.06471307554287485	0.0852470949243678	-0.05535745612060592
170.4	-0.06044609235152583	0.08402080979032235	-0.1135102171004681
170.5	-0.176553948068168	-0.015019885645650946	-0.07894398442396353
170.6	-0.21996676685677022	-0.12325800241532532	-0.023745297061562975
170.7	-0.2686552282095154	-0.1268466590178252	-0.015109023643997636
170.8	-0.18922133465111568	-0.13262603535959522	0.09657397961582127
170.9	-0.16139194348039487	-0.07386748166332299	0.13879296399078153
170.10	-0.2174455416109087	-0.12971499459946273	0.12099804253089162
171.0	-0.004213205773371191	0.0037319202382409067	1.096423936163493e-05
171.1	-0.004213205773371191	0.0037319202382409067	1.096423936163493e-05
171.2	-0.09984903672281539	-0.039555051031147086	0.057617175116752774
171.3	-0.05736995945421494	0.016035912514783285	0.12795085520234192
171.4	0.033116411309652025	-0.04020383196790946	0.15312071807506134
171.5	0.018871921173069784	-0.014344156231981927	0.09491518583167687
171.6	0.11087947216904583	-0.009039368581604064	-0.034088642113154
171.7	0.07829299284227882	0.018226885909396896	0.011799493509861488
171.8	0.014229094149457236	0.05703743982635659	-0.025837747692362918
171.9	0.15110539085446245	0.02306854620365993	0.1115184988405502
171.10	0.10806050838923852	-0.06985435406353344	0.10661976751778077
172.0	-0.0033783318462579513	-0.0019425214710741391	-0.0028974411618883033
172.1	-0.0033783318462579513	-0.0019425214710741391	-0.0028974411618883033
172.2	-0.03288601981959596	-0.03907248870005958	-0.023102173019437473
172.3	0.08682509784910471	-0.057248664803965926	-0.014120068718011167
172.4	0.10398237269247027	0.006253312916566195	0.10418820588405579
172.5	0.032389011376247556	0.03806282418775897	-0.0019602967315288516
172.6	0.07247373410106786	0.06780767477619554	-0.04504994564781248
172.7	0.07865151245389435	0.08360061249187055	-0.01732114927152381
172.8	-0.012597479665310829	0.07015497443894435	0.09544707154665874
172.9	0.08766176331350448	0.04341514875321993	0.12082398332872574
172.10	-0.009471435854448679	0.00661981281818446	0.1460359687218915
173.0	-0.006868727700133635	0.004500967682656962	0.0044127954014076655
173.1	-0.006868727700133635	0.004500967682656962	0.0044127954014076655
173.2	0.026004770822930103	-0.029307745285513852	0.0314687299620903
173.3	-0.018224630222894167	-0.10148322163534915	0.10972808939205687
173.4	-0.06627075324352176	-0.07659707718175858	0.07635096252382048
173.5	0.019913933650179336	-0.013033731026753967	0.14065920775804758
173.6	0.10964353520640084	0.04127510437204433	0.1974875417352625
173.7	0.04862977809106507	-0.055891911375259645	0.1682727495026346
173.8	0.060456750928204094	0.09773272559602228	0.061713805557146145
173.9	0.07545215663677997	0.13629342053739413	0.009415803947522353
173.10	0.09020970361096578	0.1254063253757867	0.06496322321704998
174.0	0.009380839702538205	-0.005137477266469879	-0.005134324674320252
174.1	0.009380839702538205	-0.005137477266469879	-0.005134324674320252
174.2	-0.030479203951781116	0.08049905274559967	0.005034253358199555
174.3	-0.0927017989255204	0.061586160365025386	-0.057263705482591236
174.4	-0.05010490069463046	0.11687697749739809	-0.035014342852276906
174.5	9.578769514684282e-05	-0.07895919709905322	-0.11439929646808901
174.6	-0.05717237311869419	-0.0744366511611344	0.003735756566794285
174.7	-0.04109879988252585	-0.12902116384345044	0.0947366197066108
174.8	0.04131799372115111	-0.08795095664764044	-0.02490156334291231
174.9	0.11061171509277229	-0.09333115168812317	0.02063036624722195
174.10	-0.0030138645505513595	-0.1557630688475734	-0.08946390850312173
175.0	0.008821347957644818	0.005534249577478105	0.0026852382832913513
175.1	0.008821347957644818	0.005534249577478105	0.0026852382832913513
175.2	0.009946132614380813	-0.07661605315162315	-0.03595499764459653
175.3	0.0015266914551309678	-0.015877383438642277	-0.12416230364691636
175.4	0.11747378365037708	-0.014742820565363846	-0.035010816831007485
175.5	0.12210822542945561	-0.016212545962377412	0.054856853902211594
175.6	0.05960954590408117	0.042373048894743554	0.08759021221346643
175.7	-0.015145540930897289	0.09541827112344937	0.046416886586064486
175.8	0.004862849692960948	0.03738872746621455	-0.14921323827731595
175.9	0.06962291514008992	0.14007203721553846	-0.11068821944621364
175.10	0.030088070083545165	0.10104548309206407	-0.1006638371040455
176.0	-0.006787186136022019	-0.00496722300219653	-0.0029250734518379783
176.1	-0.006787186136022019	-0.00496722300219653	-0.0029250734518379783
176.2	0.03401966615691912	0.03689528265460873	0.06462141292367496
176.3	0.12835185757403117	-0.02838359779420435	0.10237756752798127
176.4	0.1093032202263818	0.0819785326921787	0.07028663302559783
176.5	0.07381794851735561	0.07743774428331293	0.08484018697061471
176.6	0.2176627093890776	0.033155625035011044	-0.02929844668939388
176.7	0.18396388641291825	-0.11721818176614021	-0.11429635724616577
176.8	0.24180521633774107	-0.10479086052781136	-0.07281185347405444
176.9	0.11170452593163199	-0.1178336751818888	-0.06950552398739467
176.10	0.18800916374020252	-0.10771149982760238	-0.07942225992503206
177.0	0.0025500997468761487	0.002413259077992325	0.006792400070655591
177.1	0.0025500997468761487	0.002413259077992325	0.006792400070655591
177.2	0.08042065480890713	0.012678687677099672	0.04560636321602482
177.3	0.0730425208255571	0.08861106781868092	-0.0333664179379356
177.4	-0.04658486164944883	0.14055414753474926	0.03170761554377624
177.5	0.03439367307826516	0.08215596395630159	-0.04433378923548521
177.6	0.010268781717689673	0.03874532698127858	0.02376692532875488
177.7	-0.04936995678675252	-0.018223519235023244	0.055342677462112355
177.8	-0.0279126010354208	0.04073907421247221	0.006888722992418314
177.9	-0.044768295194460336	0.08367373293938474	0.06599899830410594
177.10	-0.04282470627468661	-0.008875161081388791	0.0122112712090044
178.0	-0.008865167931224603	0.0007455435133048095	0.00845079119313212
178.1	-0.008865167931224603	0.0007455435133048095	0.00845079119313212
178.2	-0.022711363825865624	-0.014493619093160154	-0.023715849332219832
178.3	-0.05685508346145337	-0.002287122521930158	-0.0032796266292712227
178.4	-0.0620066786625543	-0.06395716618678161	-0.0434244453659238
178.5	-0.07892299982063829	-0.12393148927705364	-0.04405893669356268
178.6	-0.04377078125190288	-0.2081973621146821	-0.0207160245854007
178.7	-0.09723691826895661	-0.05963621444914152	-0.0902486161364029
178.8	-0.1718676262032653	-0.05488979530095242	-0.027154275024384847
178.9	-0.16736240649532208	0.016022983446467326	-0.03124871094590769
178.10	-0.13518983943859003	0.18638125316152998	-0.03735272363939055
179.0	0.00496504785854728	0.0007900757066664954	-0.0050284538700475535
179.1	0.00496504785854728	0.0007900757066664954	-0.0050284538700475535
179.2	0.01876449495191307	0.06632193685435019	-0.021339712472495182
179.3	0.11566247693754553	0.055171734610979295	0.007453228506187029
179.4	0.14208088708661026	0.05505881082192801	0.06311932920156602
179.5	0.12708951469747623	0.035749284964223055	0.010832392947425669
179.6	0.11924237790694159	0.10666796714724999	0.06418511226264918
179.7	0.09884906339348917	0.12383780153860786	-0.07283076911813562
179.8	0.12767610027202372	0.13464309333338456	-0.059979881934269993
179.9	0.06461851690970372	0.12697442147096213	-0.11632524849135707
179.10	0.020962237193509745	0.1460421226802431	-0.11951135774944838
180.0	0.009409720310517924	-9.126754852846864e-05	-0.009388225987221655
180.1	0.009409720310517924	-9.126754852846864e-05	-0.009388225987221655
180.2	0.006957012452301514	0.10544007354904535	0.09956956032348027
180.3	-0.013005674597246615	0.14970697094835878	-0.028149366711428148
180.4	-0.04273263777816572	0.16944454172952578	0.060433564227280204
180.5	-0.002984475322620736	0.0832918931931561	0.03920802102929569
180.6	0.017701493235990597	0.09371981612358751	0.01715520594776478
180.7	-0.051543304330645356	0.21427741561116642	-0.04867042585378238
180.8	-0.04210308626428651	0.1867658108283222	-0.07946879344550781
180.9	-0.13821181702670882	0.05917161817829325	0.08308552514942591
180.10	-0.0763392011138466	0.00703780823226173	0.0047398600858104545
181.0	0.007354344126639314	0.009568249730579122	0.005723229624942261
181.1	0.007354344126639314	0.009568249730579122	0.005723229624942261
181.2	0.1695426339840483	-0.049255562922836504	0.07177731805698218
181.3	0.13673284231803554	-0.04789052875233106	0.040879118298046406
181.4	0.12028186513713428	-0.015394018232043796	-0.0542336260306291
181.5	0.1148035573071867	0.05918974680045762	-0.0002732412492448405
181.6	0.07653375911978993	0.13157637251255483	-0.03242772830734173
181.7	0.1493607638156897	0.06919511422735937	0.020569845712894372
181.8	0.07950482478000934	0.12963817469085603	-0.012162314651029377
181.9	0.010006530290093421	0.10306890054155682	-0.017460325218704727
181.10	0.01485962152810822	0.08191288582683992	0.060676714964937144
182.0	-0.00040438399993237396	0.009021258898294367	-0.002220864882613485
182.1	-0.00040438399993237396	0.009021258898294367	-0.002220864882613485
182.2	-0.03809826402224904	-0.018055063688025348	0.0657952786420911
182.3	-0.1298923237236338	-0.0060618027472972395	0.05192285154146749
182.4	-0.10199211322429075	-0.03398018575850765	0.1538890925028926
182.5	-0.07222876323822774	-0.07821110660572557	0.15357364801236795
182.6	-0.1470649554345903	0.003474022510416702	0.12742551754653111
182.7	-0.1173492972432861	0.053603412778746036	0.2632596046076052
182.8	-0.09154375921721493	0.025359963955543845	0.36364669900616314
182.9	0.0007414570670520454	0.0525244329542389	0.2807862084342735
182.10	0.041067908878205425	0.01375719055560435	0.2412934587072319
183.0	-0.004473002278014793	-0.005676981385037725	0.006761695029489261
183.1	-0.004473002278014793	-0.005676981385037725	0.006761695029489261
183.2	-0.009285446743874342	-0.008015797458660004	-0.07765187069014615
183.3	-0.00016310686175878032	0.06807193664012218	-0.05933720085983618
183.4	0.09451767345485373	0.007423395337913412	0.04931617838206226
183.5	0.07700699059052574	0.030880782524822275	0.004187097980712755
183.6	0.049292224817879954	0.09990262367359785	0.026970831365274093
183.7	-0.04657445422424428	0.17446322317867713	0.08633624371588061
183.8	-0.116473670090052	0.08153470836090046	0.13033329111858985
183.9	-0.09516822315079246	-0.10834608674600324	0.05502723173662351
183.10	-0.12072816652605337	-0.13085577547585966	0.07575376965643332
184.0	-0.002711724823200246	0.007279677742960999	0.006512773694112295
184.1	-0.002711724823200246	0.007279677742960999	0.006512773694112295
184.2	-0.018089216088636468	-0.10111517502934594	-0.021812499437341707
184.3	0.038921671234984315	-0.10991049986752927	-0.036587636006822646
184.4	0.0781203804984885	-0.11432545674294009	-0.05466418559692311
184.5	0.11578834612270922	-0.04910231257784714	-0.029382129069384866
184.6	-0.06718383735785557	0.03220078736068402	-0.01062951354699343
184.7	-0.05884260423085141	0.07513583097134754	-0.026949156869678963
184.8	-0.056788674767692233	0.06981705436024305	-0.01975098423048006
184.9	-0.10094459633793681	0.09457905323610502	-0.04346566114190153
184.10	-0.09084841818957919	0.16216792149910683	0.008212479112467377
185.0	-0.00816902440193275	-0.003778394143821473	-0.006471929665107805
185.1	-0.00816902440193275	-0.003778394143821473	-0.006471929665107805
185.2	-0.007957543333816743	-0.03823621940450098	-0.013012039692984256
185.3	-0.005337964576431408	-0.011657189906870258	-0.08062457384567845
185.4	-0.12475779513886075	-0.05454605170471493	-0.13460733009034606
185.5	-0.2570090865767852	0.017604592273298338	0.03467451845224448
185.6	-0.03609821761140686	-0.05228759635434608	0.0410580007895054
185.7	-0.06082024266368215	0.02473214805745024	-0.021281427688204832
185.8	-0.05250228007816277	-0.03232111755726826	0.05691563956537313
185.9	-0.19196186936695528	0.005270888620730135	0.028367661039879904
185.10	-0.2443638757347318	-0.0035173166742793385	0.09085042422816132
186.0	0.006185712815353632	-0.00033098841028353924	-0.00393937145526505
186.1	0.006185712815353632	-0.00033098841028353924	-0.00393937145526505
186.2	0.08929387516695347	-0.01950603409484868	0.024501728329649974
186.3	-0.028050468415938667	0.08782962346368153	0.0862265155327473
186.4	0.027167058130102256	0.098712874968563	0.12866741237418375
186.5	-0.05403895848610976	0.035654156856631536	0.001596593990387779
186.6	-0.1359526979307383	0.014938380563620894	0.1268380175184159
186.7	-0.08791581157325107	0.03871433339642916	0.06118989672004996
186.8	-0.1683378868451973	0.04702945730740033	0.1345454921460494
186.9	-0.04562368545440776	0.08763161736398481	0.11233556722995672
186.10	-0.013584494825991902	0.04951066557012561	0.07502860851700381
187.0	0.0016453933281407695	-0.00871240286570323	0.002782707265886368
187.1	0.0016453933281407695	-0.00871240286570323	0.002782707265886368
187.2	0.03851389996292254	-0.03851569884979321	0.012383918763214066
187.3	0.0009561917527629166	0.01768170753635903	0.004953283076754308
187.4	0.022375411036872694	0.125994996329656	-0.026477078992779256
187.5	-0.010643097983030713	0.09884577537584072	-0.10461529607934006
187.6	0.04774882600897602	0.011185966266563735	-0.20237828171061173
187.7	0.09537488217450416	0.03319889569793598	-0.2548891828946104
187.8	0.11642848453691833	0.12764707057238323	-0.1213821668156628
187.9	-0.02904397062322582	0.17449261925605228	-0.05257260903053007
187.10	0.043842862299400404	0.16836033816290857	0.025746515232937278
188.0	-0.006492943786019083	0.006981215343777696	0.009718211049084675
188.1	-0.006492943786019083	0.006981215343777696	0.009718211049084675
188.2	-0.029972980760249957	0.054419649964839514	0.007114695088961396
188.3	-0.007519264441541683	-0.06116174323173475	0.024866466679228268
188.4	0.0043851682600460455	-0.1267429641392057	0.07893416247764154
188.5	-0.03862875118228616	-0.07724162080491213	0.12761411752242374
188.6	0.13416418648769213	0.0018752716414247583	0.05077431035302811
188.7	0.1763617892958244	0.042198035121419425	0.052349229989069136
188.8	0.20409319943715648	0.09982746594554592	0.02592827834254008
188.9	0.10042020496202067	0.021502154010489577	0.07838602826357288
188.10	0.024960253538367394	0.09119139250485944	0.030541611321276196
189.0	-0.00458442776546228	-0.008895662365481203	0.004226371749177786
189.1	-0.00458442776546228	-0.008895662365481203	0.004226371749177786
189.2	0.10022815549923796	0.05094702143748772	-0.018406844008529776
189.3	0.05400591058007273	0.03195678263214211	-0.07336655519134394
189.4	-0.006593734318912289	-0.010710657652193513	-0.054804926026414486
189.5	0.04626858964693719	0.008554780845409934	-0.06758553473233904
189.6	0.028411471825087336	0.04194718055221538	0.027844411315186543
189.7	-0.02030383576743155	-0.0077793173839452515	0.05730536131826465
189.8	-0.032004107521426364	-0.07286880846319843	0.0425204899912524
189.9	-0.08359773091546796	-0.02281786948742917	0.07343615880632481
189.10	-0.03161981576696271	-0.04274551023479621	0.2652998213396481
190.0	0.007332560813120226	-0.006784324609229278	-0.009286974947246687
190.1	0.007332560813120226	-0.006784324609229278	-0.009286974947246687
190.2	0.13358293866113413	0.038468748580582336	0.0824244992265097
190.3	0.10358586316005364	-0.024642297347949683	-0.04622612949977194
190.4	0.11452482712960714	-0.030881924715763214	-0.0469145372174811
190.5	0.10306308087937144	0.02477237196459917	0.01979217078558885
190.6	-0.050086771030105615	0.04458412831601788	0.06668786406400731
190.7	-0.0007847362741448954	0.1136407323148127	-0.020843192631796265
190.8	0.09935181775521554	0.17044742251035458	0.030766127264501543
190.9	0.09473887212396175	0.14288497605754533	0.06378842464726889
190.10	0.09631887409228937	0.14839875304819375	0.07552160597305964
191.0	0.006347301266133607	0.0013638784207214583	0.0008789612895481414
191.1	0.006347301266133607	0.0013638784207214583	0.0008789612895481414
191.2	-0.07248225653256038	-0.04594133272666821	0.07137982456885256
191.3	-0.09456708424186933	-0.07493755080568221	0.06455112267047702
191.4	-0.09753528873935806	-0.0882896001913187	0.06343735767837928
191.5	-0.015423876174662426	-0.04953166358393773	0.23245015121654922
191.6	-0.01438940260837624	-0.01813974136012863	0.17393327420907795
191.7	-0.01856620336926207	0.06424176459648498	0.20237857546423577
191.8	0.015616384713243621	0.1096028155460892	0.2208362513162436
191.9	0.06570902583683738	0.020918485129240827	0.2383832123310831
191.10	0.05676878060950071	0.0892556653400363	0.34394289544942014
192.0	0.009106162520485208	0.006640283446290245	-0.003414127798671731
192.1	0.009106162520485208	0.006640283446290245	-0.003414127798671731
192.2	0.05318857340218229	0.008424334708927145	0.07657099215369868
192.3	0.08621463087578052	-0.18160080078232338	0.13492395172194743
192.4	0.09061719643891303	-0.1099765236454041	0.12497562259954344
192.5	0.16642193352461337	-0.17729253553466437	0.06824990072922206
192.6	0.21373096064110494	-0.2319698672824872	0.10357855254513287
192.7	0.1644929095241688	-0.24294980024387697	0.04821818918321345
192.8	0.08491338588890131	-0.21852098937425565	0.1204180548361355
192.9	0.18186211205409358	-0.1928429125345959	0.14203994873147407
192.10	0.0797545921333935	-0.17626694803543796	0.10588411286677035
193.0	-0.0011270568191878328	-0.006392603674318489	0.00600787832952854
193.1	-0.0011270568191878328	-0.006392603674318489	0.00600787832952854
193.2	-0.05306583823009831	-0.04641250838357443	-0.06543642381019256
193.3	-0.05965872397275803	-0.036358024844740905	-0.07147399159723308
193.4	-0.03770903404108425	-0.026722639387846858	-0.1503780391683205
193.5	-0.06186867676770155	-0.0708122970552937	-0.12117170455939914
193.6	0.03684221583744468	-0.1063004109773505	-0.13349397494413903
193.7	0.019823608852639944	-0.15427275500722315	-0.1635332574213225
193.8	0.11115470469207786	-0.12376022257583559	-0.2944865777656158
193.9	0.18883900902907302	-0.023193851468925344	-0.28028980506090617
193.10	0.16639019512199604	-0.08260881737981972	-0.35734398159924297
194.0	-0.009194611742900932	0.005460504236190981	-0.0023131637284152973
194.1	-0.009194611742900932	0.005460504236190981	-0.0023131637284152973
194.2	0.02012317355309811	0.14379280326038002	-0.028938772280510443
194.3	0.0021160244840125637	0.13067388844904712	-0.10265392668444734
194.4	0.05210747484143238	0.18727004877013873	0.024863991634718363
194.5	0.09382426335217763	0.11508537479843794	0.05335046043455427
194.6	0.07314662601312537	0.012152976338301424	0.007745800008443882
194.7	0.028164515314181772	-0.017963970649977613	0.08106725951985058
194.8	-0.004704307138395272	0.020772437460375933	0.08474117642618235
194.9	0.03468415337046515	-0.013551763685392033	0.10814394720415389
194.10	0.08347830606157797	-0.08986339443351737	0.12068160952719721
195.0	0.007323621622760996	0.007487984192656483	-0.005024889072478503
195.1	0.007323621622760996	0.007487984192656483	-0.005024889072478503
195.2	-0.04387778126245869	-0.023983279515168737	0.016239160514460383
195.3	-0.05205529850145474	-0.03464592643139258	-0.07804469228385502
195.4	-0.020549743024281267	-0.20823934784620982	-0.04447035087698038
195.5	-0.04145098279137802	-0.19633679373944968	-0.03565305558770636
195.6	-0.09396243645631613	-0.13196629166558205	-0.04873520069442981
195.7	-0.08369431700496921	-0.10946120322507738	-0.1277264386453808
195.8	-0.09952739676213532	-0.07404688110826994	-0.07349770716204665
195.9	-0.0799703054769795	-0.0393491953400829	-0.04515298592466023
195.10	-0.020501531861469705	-0.03370816914029252	-0.029609670768707477
196.0	-0.001998856569070058	0.006389158470778076	0.0004940038300316974
196.1	-0.001998856569070058	0.006389158470778076	0.0004940038300316974
196.2	-0.09956155702066172	0.10602289751155214	-0.03761232397714235
196.3	-0.038886196310692116	0.10884903775814288	-0.008025189548204803
196.4	0.04911528720396382	0.06751934349462656	-0.02435989746724294
196.5	-0.006142190114726553	0.04623907862011349	-0.07368402809001737
196.6	-0.0970748015450734	0.03244906369670695	-0.06882645640440802
196.7	-0.10115116075289735	0.005294222731142509	-0.09175446977706855
196.8	-0.07426992224564655	0.05824464707824641	-0.07090998905410151
196.9	-0.03175073356367964	0.08684512227216193	-0.09132782779703419
196.10	0.023452386399211038	0.16041023286290385	-0.08631224771457427
197.0	-0.009714680969158377	0.0024130152669501227	-0.0004796186389558965
197.1	-0.009714680969158377	0.0024130152669501227	-0.0004796186389558965
197.2	-0.07752182313003216	-0.07487414575566519	-0.0847943402552689
197.3	-0.07722646672363659	-0.08063414044314722	-0.09070831762711817
197.4	-0.007688940918415377	-0.17976117289771795	0.0017870407628716445
197.5	-0.009376204835526742	-0.05735258074242813	-0.061284407837208246
197.6	-0.0028433840779736007	-0.08525196233092915	-0.07007424887774581
197.7	0.05992674124492542	-0.1365782351856833	-0.06183979197210925
197.8	-0.006736551678967029	-0.11713069352197503	-0.10348607353332215
197.9	-0.023423068586441068	-0.04641104502558885	-0.15875023908648064
197.10	-0.02433208679360776	-0.10227671344588998	-0.1521873495778308
198.0	0.005491650407498548	0.00938095226907253	0.00045567518920097027
198.1	0.005491650407498548	0.00938095226907253	0.00045567518920097027
198.2	0.015601085445150814	0.014685761672013912	-0.06349457712941926
198.3	0.08541507836996465	0.07067534921226161	-0.02556554144237637
198.4	0.14619842506795694	-0.034180503997986236	0.005734712469511058
198.5	0.041862218386310796	-0.009962346177142305	0.09287154800643406
198.6	-0.035992043936336815	-0.024794573804748865	0.1493520206000019
198.7	-0.07879952385235126	-0.09152988168662851	0.15056758778018758
198.8	-0.1174480451253672	-0.17346454178262866	0.17013968805806057
198.9	-0.22529387713151905	-0.19408719639935249	0.13541200171477136
198.10	-0.1629514808047425	-0.23630523993097552	0.1776632651553902
199.0	0.00038460236911305403	0.0047407958842268895	-0.004395134907481893
199.1	0.00038460236911305403	0.0047407958842268895	-0.004395134907481893
199.2	-0.07405808982479384	0.05319402224693544	-0.06349528624881881
199.3	-0.005686719543297525	0.11752765638145644	-0.05302922003618709
199.4	0.005792065660432506	0.16242632658407533	-0.05520984632832638
199.5	0.05507460731242011	0.13423960208151028	-0.02655501460989395
199.6	-0.02470026213962489	0.12100231704325454	-0.0204239724150707
199.7	-0.052434595863843136	0.06598704938767225	-0.05885896149015631
199.8	0.005258423943205477	0.07205087076813166	-0.10569984672554847
199.9	0.09702077433643724	0.12112445921674553	-0.07834627229675926
199.10	0.13465574222415147	0.1843570816846923	-0.05856611059011301
200.0	0.0034784579397168017	0.007074626835507902	0.0010315169097708976
200.1	0.0034784579397168017	0.007074626835507902	0.0010315169097708976
200.2	-0.004875196637397021	-0.06439086324512834	-0.048767965441192565
200.3	0.02733756357287765	0.029911756993278235	-0.016662798997153283
200.4	0.06633785745623996	-0.03286661570760091	-0.1348544722568355
200.5	0.06653214622817175	-0.06745174110395454	-0.1676061993114741
200.6	0.2363112847359035	-0.1301584786730327	-0.2599165000428931
200.7	0.14301500002031053	-0.13031967377264	-0.31122309478234167
200.8	0.14727465874185136	-0.009125037204718356	-0.30323980023412517
200.9	0.19265003549160153	-0.014834877475238484	-0.3868571364210581
200.10	0.1401590909826698	0.026326722579602085	-0.392892619271611
201.0	0.00657439371364688	0.008247889637417325	-0.0023101527270516196
201.1	0.00657439371364688	0.008247889637417325	-0.0023101527270516196
201.2	0.08857773940151341	0.18193702644950874	-0.043795200880984986
201.3	0.12083969046498773	0.14004642879501536	0.0033181065142791483
201.4	0.06787817787411528	-0.016309017468178366	-0.01754054214784567
201.5	-0.030577389829561305	0.002064086106636047	0.03197945745215321
201.6	0.005954276389673253	-0.1499208148994017	0.039356607811530754
201.7	0.13964944135102633	-0.05415188670050132	0.03126273524251352
201.8	0.0063475326938533805	-0.042196792172063444	0.03942356471752871
201.9	0.024420922971042165	-0.19711920714211484	-0.05527727802844999
201.10	0.06002215129991252	-0.2820586315788687	-0.08745290026047003
202.0	0.00020497027317690098	0.009196319120135051	-0.0031730435786389054
202.1	0.00020497027317690098	0.009196319120135051	-0.0031730435786389054
202.2	-0.04840751604871004	-0.02762003468365179	0.03973069564713696
202.3	-0.028858101777676552	-0.0561879070635999	0.09123046319977443
202.4	0.0048953629185182965	-0.11867820492638156	0.07339819062185726
202.5	-0.02822035641968334	-0.1728732879069962	0.0697112905018342
202.6	-0.005081041917830095	-0.10863073003069455	0.038256865619478095
202.7	-0.11246895095571958	-0.20785700038998992	0.10795427159677952
202.8	-0.09264252338766252	-0.14387034235840296	0.07384089651374859
202.9	-0.16301094282199502	-0.11857148277763488	0.07016743699642963
202.10	-0.1909401560004394	-0.10589587636892672	0.05675685554189319
203.0	0.0020713336384559676	0.0050159016924297625	-0.004080361614449273
203.1	0.0020713336384559676	0.0050159016924297625	-0.004080361614449273
203.2	0.0028588355439528547	0.0069382087978339824	-0.0469667600336014
203.3	-0.005090028883508602	0.05513769178343609	0.0034346852815219306
203.4	0.05217098557911116	0.02789420379048379	0.054536605022191806
203.5	-0.036572994098408244	-0.05214055690938426	0.07761002475071227
203.6	-0.005685800861098492	-0.024949909370306646	0.0076481012459714975
203.7	0.016987431476752846	-0.06234441101884199	-0.05067595350473614
203.8	0.01973142496508149	-0.06277204492864463	-0.0614662352156824
203.9	-0.04064203645938321	-0.08288175319161763	0.11337114652866559
203.10	-0.1133110473345626	-0.03813658250683227	0.08805924748619454
204.0	-0.009960161455888383	-0.003508726983456554	0.0036136560036993705
204.1	-0.009960161455888383	-0.003508726983456554	0.0036136560036993705
204.2	0.06743981577133719	-0.03021902062718759	-0.15403712997673458
204.3	0.09629259492846284	-0.09571418312386848	-0.20092453437720886
204.4	0.0681990867735363	-0.05945456872747311	-0.23097518211107823
204.5	0.04970198287940208	0.1058082078576109	-0.24260269623447306
204.6	0.09518556709492314	0.15967059475110273	-0.23565814854725564
204.7	0.14079062820957997	0.12645011055967578	-0.19187129341990136
204.8	0.12697685831218605	0.12552749628859752	-0.21932534494662598
204.9	0.024719367606803933	0.0806833524515834	-0.23279935352262604
204.10	0.03710961364818943	0.03269853166161052	-0.28886497815079526
205.0	-0.0007486101909013399	-0.008443695516903705	0.00903482212069259
205.1	-0.0007486101909013399	-0.008443695516903705	0.00903482212069259
205.2	-0.03147265898972015	0.02666263649037	0.010708223572118728
205.3	0.024883459329456403	-0.018355425194694675	0.01684099082810006
205.4	0.08146140123554926	-0.0021788933525872696	0.1008545811701499
205.5	0.06561590516426719	0.003439311952478546	0.02149343865565552
205.6	0.12065336241533106	0.12265053486310717	-0.05144832584317516
205.7	0.18464489538780593	0.14013128596374214	-0.05606908944351862
205.8	0.09170856828804445	0.13005777837178226	-0.03327952826860146
205.9	0.10405165908744829	0.24176827868495043	-0.05225604133842053
205.10	0.07249070830748619	0.37850188015081265	0.031272785171446604
206.0	0.0001553502370862092	-0.001576556364091073	0.009290507997922927
206.1	0.0001553502370862092	-0.001576556364091073	0.009290507997922927
206.2	-0.058598364848949314	-0.06608241526039081	0.13799861603786792
206.3	-0.03077620738410372	0.0023922198787224846	0.2043543997682904
206.4	-0.07015235588473254	-0.041274082786291	0.1718375819066959
206.5	0.00796391255203581	-0.05181854219007691	0.09255264434331326
206.6	0.04919364310468964	-0.0333986897749269	0.07397862724179304
206.7	0.05209974125759997	0.11983704520207863	0.056969973716999744
206.8	0.10088589436835971	0.16487675359993065	0.13742115342092603
206.9	0.057634887380429586	0.10976307498432056	-0.05869765384477693
206.10	0.14241421561168913	0.014450668216904342	-0.08492669343840942
207.0	-0.002729541497717003	-0.003322605793552169	0.008905031556180007
207.1	-0.002729541497717003	-0.003322605793552169	0.008905031556180007
207.2	0.10842921618455956	-0.01812906310376872	0.0939012560114841
207.3	0.13046612387465223	-0.017880492654945377	-0.015363192891085384
207.4	0.07624398943139077	0.052665204472006844	-0.00518845544740233
207.5	-0.006173989056611678	0.07474551732480976	0.11381669984215226
207.6	0.08163078450588807	0.04262668712863807	0.08556025249298638
207.7	0.0670010170169945	0.08725922176606304	0.03414026191594394
207.8	0.050089809973162404	0.055494855805638156	0.013185912880147341
207.9	-0.07429061190049494	-0.016929119178128456	0.02452547453445833
207.10	-0.026401251384840993	-0.01727961507892194	0.03539624503746863
208.0	0.0005407829743713211	0.00020997358790828314	-0.0032162429419219565
208.1	0.0005407829743713211	0.00020997358790828314	-0.0032162429419219565
208.2	0.027424611274875263	-0.012397719822898345	0.012198759294197573
208.3	0.026420979337438154	0.003121367759568486	0.0686140478840306
208.4	0.07512544794781302	0.052585265938413825	0.06169461278165369
208.5	0.026767523640364048	-0.09862224387230371	0.1716402047897075
208.6	0.06543154982637611	0.013331409421510357	0.173006723801012
208.7	0.0987511871242722	0.12927996316940468	0.10903337908617902
208.8	0.11635949229013912	0.19277353185945645	-0.04475854779674124
208.9	0.07371893697784185	0.20015969406859474	3.548881772827417e-05
208.10	0.020230181237042788	0.31322640392556556	0.10640689352769996
209.0	0.008769078697531595	0.003972766321931758	0.007689471135501607
209.1	0.008769078697531595	0.003972766321931758	0.007689471135501607
209.2	0.032273649737539295	-0.07272688697991772	-0.009054605297374646
209.3	0.05028061438363916	0.04229964594588728	-0.033797403549822747
209.4	-0.01196525565715828	0.0009092108509148669	0.053878425331602614
209.5	-0.057074351154532486	-0.013571207814585949	0.0898648283119169
209.6	-0.07786955589359396	-0.09877646437791551	0.0854582012188075
209.7	-0.025675499462180028	-0.07203042654674989	0.02839830801336661
209.8	-0.07318369350113225	-0.02592930314416004	-0.08163443702504097
209.9	-0.05357090104919157	0.048239754680428716	-0.0638945263539547
209.10	0.02733391640763408	0.07154313263670511	-0.12809795844329613
210.0	-0.00975166017503576	-0.003984014110096996	0.006049242851451034
210.1	-0.00975166017503576	-0.003984014110096996	0.006049242851451034
210.2	-0.10895622545170859	-0.001217378450657415	-0.011232197399278183
210.3	-0.04861811842461636	0.06119518609851454	-0.09947611758308936
210.4	-0.07217408193147104	0.06695940417505679	-0.11395872898923212
210.5	-0.08442124518770094	-0.0014458924307362148	-0.15628988359432971
210.6	-0.019241813202508132	0.06910304771152934	-0.1564607080053591
210.7	-0.015488890818373619	0.046954884031365496	-0.12599675415907774
210.8	0.040872890851648455	0.04202620008258149	-0.19533381944743866
210.9	0.08143992470358426	0.2061851021304523	-0.1527835399991144
210.10	0.04311762602881035	0.18771649262990975	-0.06785309006693022
211.0	-0.006318947401605968	0.009739271506199652	0.0017296820494122356
211.1	-0.006318947401605968	0.009739271506199652	0.0017296820494122356
211.2	-0.07956669764104805	-0.02663655381289308	-0.06025353736949327
211.3	-0.010730306056145403	-0.013022424789269724	-0.020644675277538098
211.4	0.0009850800203470272	-0.024028538801302284	0.015864136974096686
211.5	0.04343824701289403	0.006590912038150189	0.07350960100378347
211.6	0.10723532668603107	-0.0043607292647684145	0.014484784469290052
211.7	0.0432016226135849	-0.08734424712111738	-0.025697882930428406
211.8	0.06527755902731132	-0.12381563366503957	-0.06972879610733534
211.9	0.139423439671861	-0.2424626126454948	-0.05760793084165125
211.10	0.07225575648690731	-0.1556402247371209	-0.009670411811111376
212.0	-0.002030737533694367	-0.006347781580024619	0.0035825687151557805
212.1	-0.002030737533694367	-0.006347781580024619	0.0035825687151557805
212.2	0.01831949687784607	-0.022113261063791585	0.06984619225418962
212.3	-0.10599677075212233	-0.08815046078786609	0.09628341529425162
212.4	-0.09188912053952941	-0.11666746912867498	0.04735519552112098
212.5	-0.0915700689275756	-0.07007916720714572	0.005828976024676948
212.6	-0.08571191186159069	-0.03033178092471489	-0.1158396223511291
212.7	-0.19643206586390283	-0.058451983609883566	-0.1518313680167222
212.8	-0.17841167285351986	-0.13482529424509007	-0.1314776753497097
212.9	-0.18078220071956927	-0.09307865974033847	-0.11783552348537177
212.10	-0.2750738993556499	-0.09073434104046993	-0.1061113321045541
213.0	-0.008167757235724741	-5.626083089718348e-05	-0.007660109388715822
213.1	-0.008167757235724741	-5.626083089718348e-05	-0.007660109388715822
213.2	0.024432676860020847	-0.003407188895876677	-0.05895453046366945
213.3	0.13080733699553554	0.05700365155548051	-0.04825618820370319
213.4	0.049837062203924754	0.037731937631033004	0.06634168468017423
213.5	0.07422138926259378	0.02562919994735977	-0.02715528761610657
213.6	0.09604420820468414	-0.02233737834792521	-0.008003365843157466
213.7	0.15621684220930776	-0.05258169874355619	-0.06547159414747585
213.8	0.1273772797458581	-0.01649009018654883	-0.023646078049092023
213.9	0.1957092979549886	0.09942451507717945	-0.05884146328826432
213.10	0.1939990684840229	0.048462538676122546	-0.06400477478275864
214.0	-0.005756672062220256	-0.002071662293127996	-0.0021216037881676207
214.1	-0.005756672062220256	-0.002071662293127996	-0.0021216037881676207
214.2	0.02792967448415431	0.006994956182413607	0.0009253425719310602
214.3	-0.022609055634974305	-0.03430584470695233	0.028934128877629302
214.4	0.04895986755052938	-0.06323796156555261	0.057759736216281624
214.5	0.07621178662700247	-0.07170785215844688	-0.08402907272579387
214.6	0.12791735690371547	-0.06387124275984057	-0.0004230347835329773
214.7	0.07043437582225781	0.0040162159619263615	-0.12324017741334475
214.8	0.01823345588333839	-0.07967532292489123	-0.18915469304210675
214.9	0.06698249225733836	-0.03985531028943605	-0.18385237749370303
214.10	0.14456535980335977	0.0035816076905971356	-0.17188241518064235
215.0	0.009087530203240244	-0.007567708760909671	-0.008370093674441815
215.1	0.009087530203240244	-0.007567708760909671	-0.008370093674441815
215.2	-0.0892605793936549	-0.08180732245900289	-0.06140349148853653
215.3	-0.08153364987785316	-0.0031752388711589613	0.02999582696625231
215.4	-0.05536973987914878	-0.0415064320736018	0.08202212353599042
215.5	-0.12650281191148238	0.0008200106262834031	-0.011790231703093415
215.6	-0.03831365580497566	-0.04394893238159694	0.023846087618002235
215.7	-0.09149325171098802	-0.02740170769217249	0.07372173754578773
215.8	-0.09708670196302625	-0.0699540498303479	0.10090906910704064
215.9	0.014103225299613609	-0.07885703251590792	0.16256537510067287
215.10	0.03442217650144322	-0.07996309997694612	0.25184884630792775
216.0	0.0029903324579150193	0.005651714848673717	0.0009363566416795921
216.1	0.0029903324579150193	0.005651714848673717	0.0009363566416795921
216.2	-0.021759169279800906	0.014504254623222133	0.05650411011549058
216.3	0.0207646592787556	-0.09558022192433402	0.13379288074434625
216.4	0.09179212978355064	-0.05443344191718101	0.10830016524806892
216.5	0.11454721600312738	-0.056472962560117135	0.09097271472709803
216.6	0.029463551685407596	-0.014378368495675191	-0.05423387068866589
216.7	0.04539434874348647	0.03004602993072722	-0.11619951063080255
216.8	0.07429108361318724	0.06794085995823682	-0.07408309179694969
216.9	0.10849891578881349	0.14450253765476231	-0.06604955644952444
216.10	0.11397921615789726	0.1797628303453011	-0.05165192824742476
217.0	0.005422348327269204	0.0029219875311344047	-0.005886746112479513
217.1	0.005422348327269204	0.0029219875311344047	-0.005886746112479513
217.2	-0.008638107702828177	0.164502216247272	0.009379432235039505
217.3	-0.02880347729386848	0.17405755785336802	-0.017465628824309288
217.4	-0.042325968323118246	0.22648482723272756	0.04657866276295054
217.5	0.015223576699022558	0.26765488327405657	0.05053845639984669
217.6	0.034674571716542715	0.2555578521158479	0.000183039666747202
217.7	0.17473630763470188	0.26689235495129765	0.003874739753534883
217.8	0.18832850117088296	0.22435282757878938	0.012828861195359887
217.9	0.1963648643531304	0.27983426654021565	0.06609028447754964
217.10	0.1587117622978265	0.30620920565297477	0.09284709280248873
218.0	0.009442262810159257	0.008456019486605902	-0.004934675233263679
218.1	0.009442262810159257	0.008456019486605902	-0.004934675233263679
218.2	0.049582082199204125	-0.014040852683373477	0.12196789469662991
218.3	-0.01338283835829894	-0.1051155355082905	0.08204413190587295
218.4	-0.030455086829387197	-0.05715135536826596	0.15294444586280503
218.5	0.08108599261712246	-0.026991161461472582	0.13002758138166975
218.6	0.1699141152963695	-0.06085008217099589	0.22781529343119616
218.7	0.12191699779365602	0.05751538081578749	0.3462259890731457
218.8	0.16786452209864922	0.06519369722493949	0.3836762662209071
218.9	0.25728620357538506	0.06375787951842128	0.3805773887325341
218.10	0.2744157851591486	-0.0009478835150866088	0.3671235637322857
219.0	-0.007130257146500161	-0.007940795961812805	0.0026348347739082855
219.1	-0.007130257146500161	-0.007940795961812805	0.0026348347739082855
219.2	0.022080587292656724	-0.009343185355223136	0.12528311313520768
219.3	0.07556581618977773	-0.022782513743338	0.05119637617767868
219.4	0.0187963359092711	0.006730985566552418	0.09323389823550342
219.5	0.08700146519781599	-0.047913655794987096	0.0814642039518392
219.6	0.1526366797299618	-0.04904679232702936	-0.030676852889894385
219.7	0.13906724842761972	-0.05281600640977334	-0.02079687319557426
219.8	0.09539555691317159	-0.10011626765377181	-0.02510146190172186
219.9	0.21802106754213268	-0.22478533062365297	-0.0841543099705065
219.10	0.15908360736573673	-0.26695431567017647	-0.1274224501174076
220.0	-0.007124210925565591	-0.0051006767364433015	-0.008827540386597681
220.1	-0.007124210925565591	-0.0051006767364433015	-0.008827540386597681
220.2	-0.12679021414658143	-0.07856414850734215	-0.09708461975793671
220.3	-0.10410576827591936	-0.05809015312036925	-0.22565498235746806
220.4	0.036305874102029234	-0.036034777691329005	-0.16388868215214009
220.5	-0.04218407518790794	0.052665430144776586	-0.24781202706580513
220.6	0.0748174329526695	0.06926834521761191	-0.1809974922422126
220.7	0.059920884136670086	0.14301107423298168	-0.24861725224830222
220.8	0.05261197402825538	0.11362363365293296	-0.14143673290353864
220.9	0.03625552661502699	0.16867787610067697	-0.25144576102913674
220.10	0.03242842138362373	0.2527631381097428	-0.23973058979624337
221.0	-0.0029495767726012414	-0.009128491950641738	-0.0075074839477454035
221.1	-0.0029495767726012414	-0.009128491950641738	-0.0075074839477454035
221.2	-0.10820999668732041	-0.0719931242057403	0.03111446046163912
221.3	-0.17237614257890246	0.05023876566713316	0.12396298668550154
221.4	-0.17331648931017715	0.03928689575702272	0.08838031494292546
221.5	-0.15865279087087747	0.013158736696883468	0.026472538671657997
221.6	-0.05759934457069926	0.08842426624159093	-0.09546449180684131
221.7	-0.047790618317714806	0.05635604255858397	-0.0758463082636077
221.8	-0.08772953435256599	0.08272832935058032	-0.07825226164659822
221.9	-0.15390978189701154	0.10976863568189668	-0.09806557445225074
221.10	-0.24057444495898636	0.16102484533225978	-0.05173274502277293
222.0	-0.003003104474571716	0.002032411608375251	-0.006043084801384227
222.1	-0.003003104474571716	0.002032411608375251	-0.006043084801384227
222.2	-0.06606856630135684	-0.041673714169650614	-0.09167179896870414
222.3	-0.08506257154914981	-0.07147536244928443	-0.030368367075431855
222.4	-0.11087632361805447	-0.0042618764958400335	-0.07196692879252073
222.5	-0.12086163077716472	0.02787149096767292	0.0393402225095653
222.6	-0.09775187701651296	-0.007310288774659696	0.0928065372006224
222.7	-0.07934483185884028	-0.05170051447937058	0.13176653214460848
222.8	-0.13872448609148658	-0.026244128724919425	0.12661127640814948
222.9	-0.023830878522772866	-0.06112472748217987	0.04345065415865504
222.10	-0.08524459306666367	-0.01707647884315463	0.04683763528359624
223.0	0.009503723667272207	-0.000531207695035909	-0.0038070461695209226
223.1	0.009503723667272207	-0.000531207695035909	-0.0038070461695209226
223.2	-0.015823121638635793	0.007291033608603109	-0.10651217961654487
223.3	-0.016729834542560974	-0.006175806928171357	-0.11104061645637475
223.4	0.0023968814432520635	0.009475746245962324	-0.1255437640850043
223.5	0.001060320483113583	-0.06083691229866006	-0.13599314597529708
223.6	-0.09294900273705475	-0.14109281183523165	-0.1077068114631671
223.7	-0.11493905829370596	-0.2712948062511298	-0.11521853683823954
223.8	-0.14257050128586693	-0.2174867706807939	-0.06305490071511434
223.9	-0.2536341521316149	-0.20705781039282167	-0.18330898571502527
223.10	-0.3684751721488505	-0.1947089972397762	-0.1410250444409495
224.0	0.000999710343256428	-0.005674597295743844	0.009168807278133899
224.1	0.000999710343256428	-0.005674597295743844	0.009168807278133899
224.2	0.01093133413876555	0.027085087833432768	-0.04210079420072912
224.3	-0.0049301022339711936	-0.01743874950443361	-0.013660954219526514
224.4	-0.0785123031641015	0.02613764245662247	0.06379876821130576
224.5	-0.10520556039636966	0.16972403969321925	-0.022037315538527433
224.6	-0.11361695607677377	0.17313390759480915	-0.10240390362857583
224.7	-0.10910581874416898	0.21187580374226408	-0.17541105645806537
224.8	-0.1525535826247905	0.3062230672725895	-0.13704233196057808
224.9	-0.21448424094373164	0.3481202605903193	-0.155206445551825
224.10	-0.15769178621822894	0.21531132779229306	-0.2296816155500991

Biplot	0	0

Site constraints	0	0
