Eigvals	0

Proportion explained	0

Species	0	0

Site	700	3
control_0_t0	-0.006684776847567031	-0.006773544012862711	0.009355895849196503
control_0_t1	-0.03510861142881184	0.047752565161142124	-0.010810097344743934
control_0_t2	-0.009348598731196377	0.010146108304152787	0.023514682394746654
control_0_t3	0.04963418727868327	0.002256061264367981	0.08489939477109756
control_0_t4	0.03546875789911813	0.007535768038683792	0.0560790910768036
control_0_t5	0.019434778864605644	-0.11402353347955488	0.09256296263756336
control_0_t6	0.06368053932383817	-0.15867648112206198	0.16839864937503035
control_0_t7	0.014843611841725612	-0.0510716834002901	0.13573497966669743
control_0_t8	0.006228248436986276	-0.0634340660832581	0.053477445548640146
control_0_t9	-0.02690447496147459	-0.17093084733746566	0.040841148489746376
control_1_t0	-0.00943590369913152	-0.003327604111159177	-0.0044483434108711275
control_1_t1	-0.037114805748047215	0.059371747170400974	-0.05176624796432678
control_1_t2	-0.09135203059786413	0.0796648965762582	-0.10370568734685884
control_1_t3	0.02822589466100571	0.05742962471986907	-0.04139502980323878
control_1_t4	0.036016937860608264	-0.010507922054239387	-0.09100570020579261
control_1_t5	-0.03328325287989775	0.03862833672392448	-0.17492971431302917
control_1_t6	-0.062305901032166516	0.03097615845927961	-0.18425612843326938
control_1_t7	0.010861523289611708	-0.027172157978639866	-0.22969020059954356
control_1_t8	-0.01047865083253505	-0.07793690061267275	-0.23025952353097592
control_1_t9	-0.054830595435419294	-0.1088576902296331	-0.3946591680554271
control_2_t0	0.007121114864193421	0.007004254371492855	0.0017934041263600786
control_2_t1	0.008532242295366468	0.0239653509745536	-0.07008630739244151
control_2_t2	0.060598651942257026	0.08934766145848928	-0.07383016937481521
control_2_t3	0.03870975516425939	0.07243411752254336	-0.1285514686962988
control_2_t4	0.1516459502003627	0.032317431550213216	-0.10604392676858734
control_2_t5	0.13421592107529196	0.16692704341460732	-0.24733356572420015
control_2_t6	0.16891752587493208	0.2610129328160308	-0.127092617611909
control_2_t7	0.07861438066473311	0.24701915439610292	-0.10264757318825952
control_2_t8	0.0765656056242725	0.13726588439486043	-0.023356773608280743
control_2_t9	0.001486219044750603	0.01723879540851994	-0.05456003378258612
control_3_t0	0.009856213015453067	0.0009642753082069678	-0.008081175967904206
control_3_t1	-0.027410844630583346	0.0037450011788049743	0.02819508864201077
control_3_t2	-0.060098111346777235	0.20261567523332294	-0.025058885907978744
control_3_t3	0.06226614023966904	0.1731430807835138	-0.02148771998379478
control_3_t4	0.08146347341355867	0.20825557733672118	-0.07184826513142699
control_3_t5	0.07777702178524655	0.14914355941464677	-0.015543673263138519
control_3_t6	-0.007278177759716745	0.16721698074054966	-0.11454162757175328
control_3_t7	-0.08425409235354539	0.151479829800402	-0.11471139481712873
control_3_t8	-0.0478103582133045	0.06800621922224681	-0.1972094536580043
control_3_t9	0.00723881109695234	0.10713230468967044	-0.12859636435461555
control_4_t0	-0.009377460143736454	-0.0025871400558778322	-0.0054011549534962455
control_4_t1	0.0841391832185359	0.07607056490114261	-0.07842157225662934
control_4_t2	0.05230540422371851	0.10412158814460414	-0.01997869728692888
control_4_t3	0.0929239447019791	0.04545796508489967	-0.057729816287125896
control_4_t4	0.07760212255095802	0.02760033514932178	-0.06998128927600619
control_4_t5	0.0607661325325875	-0.11216917287134176	-0.16116239776211708
control_4_t6	0.15834175903583597	-0.06489862813789377	-0.21247910363982367
control_4_t7	0.05652962920251589	-0.155533621610894	-0.2473988229838664
control_4_t8	0.17780637162460003	-0.12725977031613406	-0.24102289003279825
control_4_t9	0.12933010200975792	-0.0807012195117277	-0.16721343678691794
control_5_t0	-0.007981187543252548	-0.00433041605871493	-0.003042492174446927
control_5_t1	-0.10536299539284516	0.01915275505674924	-9.326083255619408e-05
control_5_t2	-0.07113191526051821	-0.06317555429519059	-0.0008036546334152487
control_5_t3	-0.100345532874276	-0.011600563744896347	0.0029092633231573507
control_5_t4	-0.09423752581530577	-0.0016804514107550718	-0.02190409120372055
control_5_t5	-0.10704232932728865	-0.04846358632821268	-0.03070935170972875
control_5_t6	-0.19454930595604786	0.12156945126778945	0.05354158801669746
control_5_t7	-0.24600840383013273	0.11699457480863744	0.04290544843282327
control_5_t8	-0.16318727639548752	0.13236233242811216	0.05428726850879817
control_5_t9	-0.117988567656723	0.08755521491532131	0.07689320876500469
control_6_t0	0.00881762340407096	0.009623362867201602	-0.005839644386451102
control_6_t1	0.010507194124315758	-0.04022367659094428	-0.04673702409909668
control_6_t2	-0.080442447473683	-0.07303697272346292	-0.0836865944232956
control_6_t3	-0.10523001752723317	0.015044303614631535	-0.00154561013840894
control_6_t4	-0.11711829862815361	0.08116011425462402	-0.06040994935275637
control_6_t5	-0.029413595383083455	0.0639192839246761	0.004134125034988265
control_6_t6	-0.11890187748825115	0.02441651669103964	0.06759174972753057
control_6_t7	-0.07628990769655009	0.018297101057659745	0.04070857812297457
control_6_t8	0.037446320432871924	0.05341950407223284	0.07652982877956316
control_6_t9	0.07191274382701787	0.019459057822769125	-0.04218176885608865
control_7_t0	-0.00565249426742634	0.004359074542788633	0.009278546667064368
control_7_t1	-0.006856276464199846	-0.005810846775867249	0.04698422731889996
control_7_t2	-0.0019737320179533564	-0.07347119657838405	0.015223829896021161
control_7_t3	0.032758065188637484	-0.06510625733459102	-0.028769852286676265
control_7_t4	0.13366225778576882	-0.019982171737121725	0.07422398064431439
control_7_t5	0.08684694925446425	-0.039181185357470075	0.14705755700023404
control_7_t6	0.083031703934974	0.08276520711650771	0.201750010823843
control_7_t7	0.03086134134170268	-0.003890419844036111	0.16990102285741318
control_7_t8	-0.01658940545341414	0.03628555642415516	0.16382928747926376
control_7_t9	0.013207316020136934	0.03511026374648997	0.14957666731873606
control_8_t0	-0.00029626903780773485	0.0075059384067731804	0.0025773925563909116
control_8_t1	-0.04012779650665577	0.10258012629381406	-0.027995368747787415
control_8_t2	-0.14566844869346252	0.12134997310982924	0.014842805687531331
control_8_t3	-0.1750459858842223	0.04800382858145624	0.06442976168538186
control_8_t4	-0.09286232462188956	0.06280808495380516	0.16617264419368077
control_8_t5	0.03460710982451859	-0.023654220309493726	0.16231681570921194
control_8_t6	0.09874415204139732	-0.08364293990807026	0.07328590612882824
control_8_t7	0.14144160950405577	-0.024875231945871587	0.04095451236322531
control_8_t8	0.09949675450344525	-0.13329550251492206	-0.007726995443714989
control_8_t9	0.06356143395538462	-0.16580929225947524	-0.04976511683322649
control_9_t0	0.0014811933378107468	0.00236665168612765	-0.004017055638198957
control_9_t1	0.04694590372812131	-0.05993486950708087	-0.01805224570238379
control_9_t2	0.02593270307894534	-0.01044780178656559	-0.0042460321207298465
control_9_t3	-0.0755275030578929	0.07116649013102833	0.04692206848525587
control_9_t4	-0.03153559346207786	-0.01696958378026603	0.0432216034149347
control_9_t5	-0.03703368792118822	0.01424064223985911	0.07491182234973619
control_9_t6	-0.03409477369045922	0.005545892788509428	-0.07343645234969463
control_9_t7	0.04710510624634542	0.14484677711573452	-0.17367341674396183
control_9_t8	-0.04496851881593469	0.16666607025346303	-0.07982720142583254
control_9_t9	0.022599874622352543	0.10398565229437379	-0.029566530659912015
control_10_t0	-0.0028266386817923615	0.005736654772125309	-0.005223465075964377
control_10_t1	0.1374697541846433	-0.04658487631162104	-0.09042124867493753
control_10_t2	0.06342425442409666	-0.09457555752257757	0.0002263491259007211
control_10_t3	0.026257895319797595	-0.17875581154589099	-0.025377767390735766
control_10_t4	0.06247170001908545	-0.1419726964643042	0.018605171064888515
control_10_t5	0.006851476776165134	-0.03876170649502074	0.009553100290853558
control_10_t6	0.08199911480932001	-0.09172918388516749	0.013802009246096841
control_10_t7	0.031664997421416874	-0.17196694399546097	0.042842663434060305
control_10_t8	0.07936500880676077	-0.22470277741154188	-0.019772264211156104
control_10_t9	0.02576629045032927	-0.013017977337633074	0.04583016002296861
control_11_t0	0.004930771562578118	-0.0029710306599798233	0.009137921760997529
control_11_t1	0.052618047016367714	0.011256868510898518	-0.06697655132921498
control_11_t2	0.17323378081418006	0.1493977406975751	-0.016838471674374487
control_11_t3	0.25479171332786177	0.13479995740145834	-0.09007952365304883
control_11_t4	0.16927015826480923	0.07422822849843061	-0.08530464581577828
control_11_t5	0.09237896316885388	0.07212238575242888	-0.20333128975658946
control_11_t6	0.1279385452973391	0.08212271617681947	-0.24228565270467742
control_11_t7	0.14471488812873487	0.020644804957396984	-0.2189710563834755
control_11_t8	0.12257423738267417	0.025059284868458424	-0.15057572170567007
control_11_t9	0.09286006161354035	-0.005013932035919422	-0.16137149366702058
control_12_t0	-0.007230810076289212	-0.001127014172622276	-0.003601052071113531
control_12_t1	-0.07848113466667797	-0.037126339400676514	-0.08140214579821553
control_12_t2	-0.14259233297842128	-0.06272812762282351	-0.03858320105130672
control_12_t3	-0.00905331717832239	0.009763566430263187	-0.09843827106929695
control_12_t4	0.033276217124432746	0.07380384966517387	-0.13208708069430905
control_12_t5	0.03761003581012142	0.14606930207567453	-0.1305750145988978
control_12_t6	0.07425228668767159	0.11893152271690384	-0.08098036150772034
control_12_t7	-0.05919440721429675	-0.015238943068505081	-0.03948193399115103
control_12_t8	-0.12641820370586485	-0.08368888015633749	0.020424376801359223
control_12_t9	-0.20713190831780792	-0.06631019032652395	0.09838232459237263
control_13_t0	-0.006522712623019142	0.0013626353322921303	0.004504224413376569
control_13_t1	-0.039918261929242305	0.0023611709842986236	-0.06918904504843917
control_13_t2	-0.13140545911222323	0.019997468983553007	-0.1089483243101922
control_13_t3	-0.015962155530726746	-0.08245576481351237	-0.06358628938946109
control_13_t4	-0.06479786895641342	-0.009154667324949226	-0.06918151484472898
control_13_t5	-0.03674037838792428	0.007781606449146546	-0.023240527372227912
control_13_t6	-0.07693058977436343	0.004374078527264857	0.10915134207141126
control_13_t7	0.00481427443733741	-0.04129933633054206	-0.00974025805336888
control_13_t8	-0.08536074034726361	-0.04598588248639134	0.028806080681401516
control_13_t9	-0.09356830673667699	0.031796286141327686	-0.07918409189839927
control_14_t0	0.006107927929593096	0.007886104743614118	-0.001669222212216175
control_14_t1	0.08032294649991872	0.055604208249429084	0.012806287686160826
control_14_t2	0.0741519527228085	-0.06794959823933597	-0.036577913770993745
control_14_t3	0.12075101904298144	-0.12238650264354506	-0.11606446391103319
control_14_t4	0.10646475951861394	-0.027510268305039068	-0.15762666114732168
control_14_t5	0.06928796343673022	-0.0747978057534415	-0.15067429763645782
control_14_t6	0.13130991763248767	-0.03889738988365188	-0.1351959676293047
control_14_t7	0.23674860214973387	-0.14429961442781478	-0.000681734341366369
control_14_t8	0.18996226420796736	-0.10217743541709633	-0.03540144891944902
control_14_t9	0.12147221441383865	-0.03718899042304627	-0.07514785197432697
control_15_t0	0.006718665500418155	-0.0055278589233776045	-0.007311153261284164
control_15_t1	-0.14921575266363782	-0.010631502643463783	-0.09315850976506822
control_15_t2	-0.2868155029009479	-0.041128382863247354	-0.05849996924656792
control_15_t3	-0.2099422078919914	0.016484234055077	-0.06184314499898038
control_15_t4	-0.23256607432424226	0.07534888848370115	0.03525755679585763
control_15_t5	-0.22259523054837418	-0.05963900636635304	0.005343248749438239
control_15_t6	-0.2965425522598475	0.055273619015864126	0.038633477706002034
control_15_t7	-0.18100191278304215	-0.07139946578440388	0.08774149728633372
control_15_t8	-0.16828388794081045	-0.25925578374104585	0.09198396947775452
control_15_t9	-0.15085314285252158	-0.18184210902122502	-0.03188150405412242
control_16_t0	-0.006952345920225795	0.0026183209152337117	0.006282717410287388
control_16_t1	-0.12440762967527326	-0.01650173464804096	-0.07798601374129296
control_16_t2	0.08210096378805977	0.06717145736493926	-0.12688946748032498
control_16_t3	-0.030718751839518305	-0.015295086239736397	-0.12425229310285033
control_16_t4	-0.03162456348796873	0.013582507936921964	-0.0500534432845548
control_16_t5	-0.1403707797572068	-0.034931885972664986	-0.04236009349718193
control_16_t6	-0.1346717202555592	-0.021698879798394043	-0.034920408329948326
control_16_t7	-0.18608077964133785	-0.013263464552574294	-0.04077156768647403
control_16_t8	-0.05540934131207245	-0.1284062551623577	-0.04075244850041182
control_16_t9	0.033194564600243795	-0.08399339147339704	-0.06491614738946364
control_17_t0	-0.00021957007478320633	0.007685394306357507	-0.00044953821005843774
control_17_t1	0.04401928286538714	-0.013377752361537643	-0.09120262867711937
control_17_t2	0.004818938252475487	0.06887313050744265	-0.07147425976294525
control_17_t3	0.031238592651808682	0.03755195931274144	-0.20573142346735118
control_17_t4	0.03358776223889811	0.06115249133995367	-0.24456995364296275
control_17_t5	-0.02247479790258606	0.09748430734825372	-0.2923627470654222
control_17_t6	0.0748833974601126	0.01548256256569916	-0.13048162244798717
control_17_t7	0.03646026131454504	0.0364192117707563	-0.11833281655101371
control_17_t8	0.023345484787446132	-0.04229548476291667	-0.0680080171177473
control_17_t9	0.033240838646448986	-0.16930608407039535	-0.12133785468948705
control_18_t0	0.007101700980726517	0.009445926938668527	-0.004236422141444398
control_18_t1	0.16974628181898144	-0.09645128834599542	0.06075400615852898
control_18_t2	0.1931193556778373	-0.12042248511873735	0.015882448072074923
control_18_t3	0.14587925625239756	-0.0349081508694262	0.12213102509298551
control_18_t4	0.10462162242318941	-0.015188882480002629	0.01853749776732533
control_18_t5	0.18130288083367113	-0.05518264177197719	-0.1487151974060961
control_18_t6	0.09805841067598775	-0.0048302970998582925	0.006882028668966533
control_18_t7	0.08554915618893039	-0.060203010320943835	0.06564653373251964
control_18_t8	0.10043312662918497	-0.11155135373912117	0.10603540499962835
control_18_t9	0.08006350659107005	-0.01820261094926076	0.014983465648371247
control_19_t0	-0.008636259801493873	-0.004606340548526275	-0.002561434690540636
control_19_t1	-0.03805786213747658	-0.06075540443406699	-0.028411997542912137
control_19_t2	-0.09431836368691499	-0.1007256832802647	0.11687056074610268
control_19_t3	0.041553056140899186	-0.06199963596318379	-0.026403863109899436
control_19_t4	0.02309059192645695	-0.05069939827152613	0.03868605347928657
control_19_t5	-0.03777450128478582	-0.1118306749607155	0.043800945949413195
control_19_t6	-0.09575749492704713	-0.23612256077344476	0.008329478871277968
control_19_t7	-0.16574162036550638	-0.22992962545142867	0.026478493322541128
control_19_t8	-0.024815036466796198	-0.22482501424306467	-0.04424075628977836
control_19_t9	0.047187924412516194	-0.16597716226282483	0.000575047219684946
control_20_t0	-0.008424247196175152	0.00880084234561032	0.005773304735597609
control_20_t1	-0.07000935952326098	-0.007584932258253152	0.030635297313940442
control_20_t2	-0.13739049460085118	0.03218600240012325	0.062421688650058475
control_20_t3	-0.11673461758095877	0.07509117357925063	0.0498819264149932
control_20_t4	-0.10185527631833813	0.018659055759170907	-0.017316540811355405
control_20_t5	-0.08585518748973911	0.057325502552884974	0.03420567954860774
control_20_t6	-0.06271317162730622	0.04736368307542768	0.04308416610633639
control_20_t7	-0.12366800948560974	0.03857543880557696	-0.07036037747248863
control_20_t8	-0.027008046474905373	0.04908567838206372	-0.06335427983411336
control_20_t9	0.03042833517482791	0.10160346159430148	-0.05783312934632618
control_21_t0	0.00607352956660568	-0.009750429033356982	0.0018178761214112616
control_21_t1	0.0930878101983934	-0.02244453332167047	-0.03149776688595597
control_21_t2	-5.8171076272817146e-05	-0.005680691000184753	-0.051144770882736876
control_21_t3	-0.04092878083016681	0.007767244760208647	-0.09829725977200063
control_21_t4	0.052481830451076475	0.007271657961509841	-0.06834867849640858
control_21_t5	-0.0556227262746129	-0.06976717812818037	0.010988023849649628
control_21_t6	0.028013903699911094	-0.01812544376014042	0.006643610542521044
control_21_t7	0.1126240660409195	0.032993565966031486	-0.03693890215935342
control_21_t8	-0.09007550393794954	0.04589057884163661	-0.014074985095348599
control_21_t9	-0.0013604550386552422	0.0577080348396669	0.10645554417607295
control_22_t0	-0.009611532794811988	0.004079757670099567	0.004520441035512368
control_22_t1	0.007460194003391865	0.07927984923824853	-0.0801338451219107
control_22_t2	-0.045201928939902346	0.007572590603103557	-0.0576556573943867
control_22_t3	-0.09228189201722893	0.013775688101615845	-0.052604146095312464
control_22_t4	-0.0675485602396736	0.11926945256975167	-0.10769655735844122
control_22_t5	-0.11197296700725928	0.09613158785521157	-0.09546015322959572
control_22_t6	-0.05883004154219925	-0.025547786054032892	-0.16287267047512077
control_22_t7	0.0026653443087228806	-0.02155821845459741	-0.03746075836230012
control_22_t8	-0.09669224014656834	-0.06913098109598145	-0.026388860582839388
control_22_t9	-0.055687082463006674	-0.17776400220208743	-0.05947212715015653
control_23_t0	0.003281648619238322	0.007760904337418231	-0.005141869997689324
control_23_t1	-0.06336311148266233	0.01576905967192886	-0.08779685638181381
control_23_t2	-0.16268442325846627	-0.058972919013988906	0.0055843057810583685
control_23_t3	-0.11229371477056103	-0.08095343235970831	0.004245564272867709
control_23_t4	-0.013475134005235187	-0.05960891807470413	0.10584153773017876
control_23_t5	-0.012765770096203954	-0.13967898675195195	0.0982105208773735
control_23_t6	-0.06774515532196068	-0.11688385613314493	0.09665871926194936
control_23_t7	-0.1486565081885671	-0.13993553063597985	0.07567651073357039
control_23_t8	-0.16860109080070015	-0.12194290082690665	0.03966900491415279
control_23_t9	-0.06702016470108503	-0.07926056527711824	-0.008239995058877424
control_24_t0	0.006759632610627686	-0.0012793255411920935	0.002105342120104534
control_24_t1	0.00966995814911569	-0.08294457895340712	-0.16299900490316602
control_24_t2	-0.041310075294519	-0.10347540486203052	-0.14736797348021596
control_24_t3	-0.07545958842992848	-0.13172742708850574	-0.14428347223436228
control_24_t4	-0.08716007145190033	-0.12459008763994298	-0.14542970246959389
control_24_t5	-0.11631198638011905	-0.08628132959497191	-0.043025935024844975
control_24_t6	-0.05875205247624167	-0.08206068395598377	-0.10494655330185157
control_24_t7	0.06333830696845082	-0.03736431344397809	-0.15788174661956852
control_24_t8	-0.043428482277604444	-0.10235941588022568	-0.09077636689401172
control_24_t9	0.0628051211771325	0.00234289562427574	-0.04301454417237376
control_25_t0	0.006798601468624368	0.0014630659973336702	-0.0009502960874319744
control_25_t1	0.04907624582153152	-0.025287518425773703	-0.05086569799343501
control_25_t2	0.001025723084434188	-0.0924076951400402	-0.06311387380954357
control_25_t3	0.059922470487741075	-0.26632022314708836	-0.039878360998845244
control_25_t4	0.04184229364238315	-0.22980215054626224	0.04352942547979839
control_25_t5	0.09077991555826431	-0.08806869530890662	-0.10812246393059834
control_25_t6	0.11774239846827264	-0.13443481130699814	-0.07457108423451211
control_25_t7	0.20238097188600956	-0.010264395973481832	-0.0748176624554746
control_25_t8	0.1953994475064878	0.04415263012135708	-0.046803364503728774
control_25_t9	0.192436001656402	-0.06795975201163754	0.034503613913482716
control_26_t0	-0.006611129178798822	-0.0029310274345615774	0.0053961979897312
control_26_t1	-0.017549927178575595	0.05339234260505291	0.04706807232396587
control_26_t2	0.014900812814394971	-0.06344093848993268	0.10538972669408352
control_26_t3	0.14094853975655575	-0.14964551054846215	0.13770312019758602
control_26_t4	0.08215875925981739	-0.04993854614592509	0.0550690337372627
control_26_t5	0.08314254324917096	0.0035492720031826686	0.08217280129508216
control_26_t6	0.11000290597380855	0.01574352271598574	-0.0030899050794093164
control_26_t7	0.12851461971330302	0.09862086168615962	0.05297960868458082
control_26_t8	0.052823278118330805	0.025223661811074674	-0.0028683287086079604
control_26_t9	0.06070942985296188	-0.01067848737833213	0.05297200990512697
control_27_t0	-0.009149607576566816	0.000381418669960214	0.009133283257637171
control_27_t1	-0.10578187586574118	0.0198375494953907	0.02712276499937144
control_27_t2	-0.07583875910155936	0.026329574014818	-0.03306672887354259
control_27_t3	0.05118780014116299	0.014746731805177804	-0.028508917240938174
control_27_t4	0.03338584187563621	-0.008295656057332878	0.09495362094701923
control_27_t5	0.12808073758855723	-0.05662265158411056	0.04338185874234442
control_27_t6	0.01192288227599396	0.08971699055844409	0.1320056495824927
control_27_t7	0.12106792168827363	0.05237639309727002	0.12573214285954384
control_27_t8	0.05846795030348376	-0.010832623463095603	0.11927469736711041
control_27_t9	0.004572415369689102	-0.0351688890618115	0.14585352819578645
control_28_t0	-0.0034736084182375327	-0.008131315129685488	-0.00787266021876248
control_28_t1	0.01304047392353696	0.04173447495633498	0.11860991041653801
control_28_t2	0.031175746884670473	-0.08853570810533523	0.1340728282494387
control_28_t3	-0.03789642205071821	0.009730823208724731	0.1375232264453205
control_28_t4	-0.11360842831562745	0.01705709554875593	0.126483925458933
control_28_t5	-0.160128183149834	0.1433776139068041	0.03439763765822958
control_28_t6	-0.043204610957622874	0.10704443028845377	-0.06371325016196323
control_28_t7	-0.12271119299707824	0.08914971997788416	-0.05097139463780532
control_28_t8	-0.17728528220163117	0.10281201867769171	-0.10627436176271499
control_28_t9	-0.030378896130280192	0.043749789578303264	-0.036745602081977705
control_29_t0	-0.0068349580180879005	0.006352145849428011	0.003051489848941247
control_29_t1	-0.09025051918008717	0.05473531026877934	0.11353970975863475
control_29_t2	-0.041678671398812116	0.008658360540491336	-0.1556147249771867
control_29_t3	0.045709234533181424	-0.01531685333021273	-0.0714586326987537
control_29_t4	0.031729536764410204	0.04593505469497314	-0.07881215442273225
control_29_t5	0.004051560568393692	-0.0121924294740023	-0.11507012393561594
control_29_t6	0.014696706007983805	-0.04310744552305144	-0.1526006955097505
control_29_t7	-0.0063938844048270806	0.03751191439484699	-0.10318717367135191
control_29_t8	0.07573089334484459	0.10742532443699163	0.05057687620337675
control_29_t9	0.009950771796351357	0.11844948563780441	0.060212692015131145
control_30_t0	0.007982340148534679	0.0024448393377948263	0.006184609475060443
control_30_t1	-0.019879168616893608	-0.016952504463223973	0.020577130440508018
control_30_t2	-0.005706798030112587	-0.11754933631702033	0.062130004601311885
control_30_t3	0.08676652827887132	-0.13676816243329726	0.05817616960449786
control_30_t4	0.08843089740579066	-0.0934829148144331	0.04942310032132811
control_30_t5	0.035152405525527175	-0.1614265753585649	-0.008118399034719594
control_30_t6	0.027169159555666643	-0.10622492735297338	0.021723670831326466
control_30_t7	-0.03220565301751817	-0.11991968745330943	0.05811764421724825
control_30_t8	-0.04964989191843471	-0.0363024316491094	0.05204104510995669
control_30_t9	-0.09363436025273575	0.028338759046140347	-0.08398936268195215
control_31_t0	0.0010138663159959549	0.003723523271944338	0.006280802549510587
control_31_t1	0.009161270540167918	-0.05261299017256321	0.1319639970970429
control_31_t2	0.06973692531814578	-0.09932016621831115	0.2133653982149696
control_31_t3	0.031510175676098276	-0.16311787610810385	0.15110813768218978
control_31_t4	0.14890209804074733	-0.2645340489810137	0.10709170447589578
control_31_t5	0.009875375144898113	-0.3500974431904007	-0.0403797952199674
control_31_t6	0.034725898221891344	-0.13577420065326068	-0.019941110957149198
control_31_t7	0.010890503130982578	-0.12465784133490052	0.06337236009544797
control_31_t8	-0.03348433830109972	-0.08868590811643706	-0.005690399399827434
control_31_t9	-0.09356514914257148	-0.0032095604362508134	0.03462828466272094
control_32_t0	0.001369519477981167	0.0023218596772032487	-0.009718282982528184
control_32_t1	0.055050243114393146	-0.053636524657492815	-0.011369272162939273
control_32_t2	-0.022063883684347127	0.08274874194440167	0.06707050323158584
control_32_t3	0.06707045972148472	0.15548132039159282	0.0015053726888773211
control_32_t4	0.0140000287420851	0.09296027905213061	0.007767454344963209
control_32_t5	0.0816345487860538	0.023294777181324833	-0.03804362499999456
control_32_t6	0.12454106962699313	0.07829669144363825	-0.01658754720737383
control_32_t7	0.11715168842993573	0.05440720940760303	-0.029142973555495656
control_32_t8	0.053927403472761454	0.08671026212714145	0.04404869198053239
control_32_t9	-0.04237306122919603	0.03316533681636905	-0.025239298739825042
control_33_t0	-0.000990744447226599	-0.003951116994453287	-0.00965573593758811
control_33_t1	-0.008173268540095808	0.076898480747737	-0.012307513554747884
control_33_t2	0.11316685644608351	-0.01146393471497971	0.013548857922371543
control_33_t3	0.07090948445110362	-0.05379221272446651	-0.003989887352967474
control_33_t4	0.04677616212371904	-0.06907980823513535	0.03710267807415243
control_33_t5	0.1390744400407106	-0.03193317246134537	-0.04526445510362572
control_33_t6	0.1560575970756627	-0.08756746191602466	0.022208626135504554
control_33_t7	0.26541438971046194	-0.17761956278690988	-0.00175210401338333
control_33_t8	0.2238724451460544	-0.09251565691411912	-0.00576352641486878
control_33_t9	0.29155989377235175	-0.06366603457848569	-0.06947128065661409
control_34_t0	-0.0018462045743418498	-5.626622040445284e-05	0.002646874684963667
control_34_t1	-0.09868556439774998	0.0583205028123075	0.09662069463096222
control_34_t2	-0.07529916792446761	0.12678648037961948	-0.018984637192143813
control_34_t3	-0.015428078879702087	0.2216555561839681	0.0209930308016176
control_34_t4	-0.03977353053773269	0.07239366159367791	-0.0961702966495382
control_34_t5	-0.004609038045169475	-0.06104136510868996	0.028846043047743256
control_34_t6	-0.03748954586070901	-0.22374525213420177	0.06036225644841781
control_34_t7	-0.044214524460054944	-0.19239723586889979	0.11986141195704841
control_34_t8	0.00039157277543215574	-0.14938896121496506	0.08587726558037914
control_34_t9	-0.01328791853256025	-0.16840678673000292	0.07290896545472716
destabilizing_treatment_0_t0	-0.004011692856619214	-0.004282508829329293	-0.009700372631262192
destabilizing_treatment_0_t1	0.03186354429467847	-0.011021203912664047	0.03691743869553241
destabilizing_treatment_0_t2	0.020050996419144037	-0.012024470870236344	0.024575995902255066
destabilizing_treatment_0_t3	0.06543231762394508	-0.061214972880264715	-0.002738477894140383
destabilizing_treatment_0_t4	0.18220823745289605	-0.03212464669043523	0.007620028188292136
destabilizing_treatment_0_t5	0.09993257714478401	-0.12649847590714597	0.025022302915698007
destabilizing_treatment_0_t6	-0.022021015252681728	-0.08459629163565405	-0.09822973897755821
destabilizing_treatment_0_t7	-0.047043542393790966	-0.03464653438573461	-0.22943507326454132
destabilizing_treatment_0_t8	-0.032088822924110944	-0.024214472897124452	-0.24457941133779995
destabilizing_treatment_0_t9	-0.028211629172121333	0.01286314821534005	-0.22327971973322897
destabilizing_treatment_1_t0	0.0008723245064279905	-0.005891468092787209	0.007529136415257365
destabilizing_treatment_1_t1	0.08260241319166829	0.014406541646821657	0.06456624851885136
destabilizing_treatment_1_t2	0.15003058705067457	-0.027825892793461374	-0.0019254780591906745
destabilizing_treatment_1_t3	0.02508696841533614	-0.009240079695376671	-0.03270740964178974
destabilizing_treatment_1_t4	-0.09852373626721632	0.02714639181530821	0.05687421482804281
destabilizing_treatment_1_t5	-0.09220562391442871	0.12464905520617628	0.06224532581682542
destabilizing_treatment_1_t6	-0.10504182529218872	0.12098388810155922	0.12250343282143833
destabilizing_treatment_1_t7	-0.021452371040495827	0.15475248364359445	0.09320047392342652
destabilizing_treatment_1_t8	-0.12083389553837344	0.13445249741745205	0.029694841521407167
destabilizing_treatment_1_t9	-0.11463576589639381	0.17814921791830307	0.1254010266010935
destabilizing_treatment_2_t0	-0.000963470315280337	-0.00801590131108727	-0.00828206045859057
destabilizing_treatment_2_t1	0.016905197602054164	-0.004663764464205095	-0.05060936913571641
destabilizing_treatment_2_t2	0.08731380099316512	-0.03665584571619096	-0.12375329639838815
destabilizing_treatment_2_t3	0.21937571701108688	0.013811404480715661	-0.045310194344156576
destabilizing_treatment_2_t4	0.1539881028470784	-0.02376938771090685	0.033278681332646595
destabilizing_treatment_2_t5	0.08822871052493542	-0.05462142072060559	0.07204489126395858
destabilizing_treatment_2_t6	0.13476190495965695	-0.02462958835548058	0.07664384755187124
destabilizing_treatment_2_t7	0.19463133546988232	-0.006554436375210856	0.05343342553111384
destabilizing_treatment_2_t8	0.24831817169698353	0.005925493026014039	0.13241995919463345
destabilizing_treatment_2_t9	0.2393028781015834	-0.014664648232235442	0.06436328013483371
destabilizing_treatment_3_t0	-0.0016460035458058498	0.0004992718932762009	-0.0018512721113927522
destabilizing_treatment_3_t1	0.0033295279704945702	0.013687808030388306	1.2849111022275247e-05
destabilizing_treatment_3_t2	0.0461155972589709	0.06216339209819106	0.006318222022914038
destabilizing_treatment_3_t3	0.13901886130281296	0.11859313181227496	-0.04593815032287219
destabilizing_treatment_3_t4	0.06987774102837757	0.2070831800558793	-0.017346042474298475
destabilizing_treatment_3_t5	0.08594889504203199	0.11939044017321629	-0.08264571129792983
destabilizing_treatment_3_t6	0.047071788993565865	0.11651246450874342	-0.12422178964091043
destabilizing_treatment_3_t7	0.11265025292473871	0.10249372840379724	-0.1940568067406615
destabilizing_treatment_3_t8	0.11379856387612534	0.06732565091452128	-0.22701330484535204
destabilizing_treatment_3_t9	0.1297888452224022	0.015876069108517216	-0.27996680911761873
destabilizing_treatment_4_t0	0.004641422954607133	0.004882525351510507	0.008102540661027054
destabilizing_treatment_4_t1	0.023570329490041942	0.06874933018278145	-0.015213180995335772
destabilizing_treatment_4_t2	0.14907855327687045	-0.017908743553964254	-0.10307542383678228
destabilizing_treatment_4_t3	0.13228330047988693	-0.004435342433096885	-0.025074653223487425
destabilizing_treatment_4_t4	0.0814974623945838	0.047807003709962	-0.006549382320698419
destabilizing_treatment_4_t5	0.04314278575030233	0.10673190536518531	-0.030506234956748597
destabilizing_treatment_4_t6	-0.013368864623048662	0.05269802960764941	-0.01798770922462553
destabilizing_treatment_4_t7	-0.04324667037648863	0.11091522325934115	-0.1043158171209571
destabilizing_treatment_4_t8	0.047115695105598696	0.17826738339942108	-0.1667916495471807
destabilizing_treatment_4_t9	-0.031893522524624615	0.22855146786834452	-0.12913276330814255
destabilizing_treatment_5_t0	0.004276225712644599	0.007951463759503426	0.008536603210072005
destabilizing_treatment_5_t1	-0.03258005900689577	-0.019843362207716125	0.1241039829976564
destabilizing_treatment_5_t2	0.013138210508831058	0.030060602717120292	0.12171072532179601
destabilizing_treatment_5_t3	0.04730826001960828	-0.035750152702232606	0.08086843364282874
destabilizing_treatment_5_t4	0.09510059064567145	0.034756540763285874	0.16459957096891004
destabilizing_treatment_5_t5	0.05798745881699277	0.02444132609030595	0.12826804877593256
destabilizing_treatment_5_t6	0.016458869480709896	0.03601823522329057	0.06964729238615108
destabilizing_treatment_5_t7	-0.06356624270658759	-0.03546213456055871	0.0764939758089939
destabilizing_treatment_5_t8	-0.029969035123573476	0.08178296467551346	0.008944368873042549
destabilizing_treatment_5_t9	-0.04723481673145749	0.03785964824968429	-0.06828226409903332
destabilizing_treatment_6_t0	0.0022966303799400725	-0.0015279647870893533	-0.009960971590278435
destabilizing_treatment_6_t1	0.0351667596411071	0.045090387255105224	-0.02341955353931804
destabilizing_treatment_6_t2	-0.06714108034380875	0.055223794091908675	-0.059249349082613645
destabilizing_treatment_6_t3	-0.12706824662655006	0.08737194096822157	-0.09251679687777692
destabilizing_treatment_6_t4	-0.08477474363790471	0.1282655274257612	-0.059995780013461744
destabilizing_treatment_6_t5	-0.09763765170339675	0.14065105868044447	0.000686826481912553
destabilizing_treatment_6_t6	-0.12035309417358891	0.21735625615122367	-0.0011835968935337772
destabilizing_treatment_6_t7	-0.10788153489490362	0.21250893753600836	-0.07038602312872214
destabilizing_treatment_6_t8	-0.12625966887332765	0.28323984423871784	-0.09515099939730662
destabilizing_treatment_6_t9	-0.11270008540075921	0.26328976755441164	-0.0078852171308922
destabilizing_treatment_7_t0	0.006260932057174764	0.0055045723077151365	-0.00023290889520113378
destabilizing_treatment_7_t1	-0.029978237674015484	0.05403108651516734	-0.08759986358195421
destabilizing_treatment_7_t2	0.035048006701527745	-0.08379844985117477	-0.12894245699633705
destabilizing_treatment_7_t3	0.057524363477232346	0.06044784021990807	-0.030402646565803326
destabilizing_treatment_7_t4	-0.014248631844127072	0.0865248976098231	-0.03983613938670265
destabilizing_treatment_7_t5	0.08480806291739619	0.05585848950361335	-0.07508535887263419
destabilizing_treatment_7_t6	0.16683171914180184	-0.00883136778624665	-0.06153468548726332
destabilizing_treatment_7_t7	0.22363826388488658	0.03255841420942327	-0.03534284681971156
destabilizing_treatment_7_t8	0.23638615810245164	0.05762535791535557	-0.1069469698426542
destabilizing_treatment_7_t9	0.2291840849249072	0.04994101546562159	-0.10301228211135233
destabilizing_treatment_8_t0	-0.006854097159789865	0.007928023599695182	-0.009468414821271096
destabilizing_treatment_8_t1	0.0283353704208176	-0.010062410125250849	0.017390301449697845
destabilizing_treatment_8_t2	-0.026870459241986368	-0.04487135713404658	-0.030142430942744824
destabilizing_treatment_8_t3	0.07835272193793752	-0.07830708430715261	0.00898457964450771
destabilizing_treatment_8_t4	0.03419262098043393	-0.11208808877140972	0.01538521509427131
destabilizing_treatment_8_t5	0.054272833349062244	-0.13250981934707032	0.05994896998334143
destabilizing_treatment_8_t6	-0.03921230718138917	-0.18533054168076252	0.1381784662039467
destabilizing_treatment_8_t7	-0.08077592024289747	-0.15838987154795114	0.13544631403089072
destabilizing_treatment_8_t8	-0.09354518168632792	-0.19989978916261086	0.1744877393332896
destabilizing_treatment_8_t9	-0.18145472077119043	-0.27078848205303097	0.07948741089061671
destabilizing_treatment_9_t0	0.008214497980372446	0.00018947491027454966	0.002038704465579995
destabilizing_treatment_9_t1	0.1093596359829102	-0.0761426628531048	-0.005716186234056942
destabilizing_treatment_9_t2	0.03602130378719566	-0.06340590485753296	0.09641255385173128
destabilizing_treatment_9_t3	0.050318048322624334	-0.12905547651971405	0.08509882126666483
destabilizing_treatment_9_t4	0.08407539494202411	-0.08774271791548763	0.066026594222755
destabilizing_treatment_9_t5	-0.002113394708632879	-0.0858358776320031	0.07780236693444251
destabilizing_treatment_9_t6	0.01999243352712744	-0.12670150194698732	0.013405288437376137
destabilizing_treatment_9_t7	0.02698348273430097	-0.07298220482704779	-0.03361199707413522
destabilizing_treatment_9_t8	0.03813990660254864	-0.07125179414703303	-0.15685413479124036
destabilizing_treatment_9_t9	0.00687386526580358	-0.13281181426261132	-0.19580915762493992
destabilizing_treatment_10_t0	-0.00859295794018875	0.0019750584036892184	0.0003915049999708042
destabilizing_treatment_10_t1	0.08908379744518269	-0.03613401472942032	-0.00784950901728548
destabilizing_treatment_10_t2	0.03657622704080142	0.01732760337202416	0.006012142314517483
destabilizing_treatment_10_t3	0.06414027300156976	-0.012460188712224648	0.030560644235136995
destabilizing_treatment_10_t4	0.15320315154300312	0.08925661325249472	0.028848647311145743
destabilizing_treatment_10_t5	0.17002868513913533	0.049308320698824015	0.06686565559930922
destabilizing_treatment_10_t6	0.1509058279631142	0.04001394309466166	0.056623460658813476
destabilizing_treatment_10_t7	0.18769101934039387	0.16638987419924425	0.07560854847080627
destabilizing_treatment_10_t8	0.19025292947862155	0.15422963692996758	-0.06930377308521717
destabilizing_treatment_10_t9	0.1885987837791173	0.2067568946021969	-0.10245862491238591
destabilizing_treatment_11_t0	0.0005781686097522853	0.0010122023730165907	0.009854323806218687
destabilizing_treatment_11_t1	-0.028042248698219484	-0.0037454267047096123	0.04824659927148116
destabilizing_treatment_11_t2	-0.03965761509445696	-0.052593289352900134	0.009492621085068702
destabilizing_treatment_11_t3	0.005054998852082215	0.09168485622426581	-0.01578188194853233
destabilizing_treatment_11_t4	-0.011540394768535352	0.021316610247748696	0.13689845031598769
destabilizing_treatment_11_t5	-0.06986030663020279	0.04749086862255569	0.20050025739018013
destabilizing_treatment_11_t6	-0.15484222738805964	0.007352946027673307	0.19862467734258565
destabilizing_treatment_11_t7	-0.16357091712339739	0.08084967405705944	0.18372833927557267
destabilizing_treatment_11_t8	-0.06064637396070151	0.17379331964732725	0.19191918667345428
destabilizing_treatment_11_t9	-0.04693076264041078	0.1493343227858398	0.26659632236200714
destabilizing_treatment_12_t0	0.006841080366629935	-0.00948225157401738	-0.003373703218137043
destabilizing_treatment_12_t1	0.05034556406037344	-0.0363681215535865	-0.15504241861180418
destabilizing_treatment_12_t2	-0.09005164545786665	-0.030209006283969695	-0.15698325080688053
destabilizing_treatment_12_t3	-0.0767371706086337	-0.013858413145697347	0.022765319695513764
destabilizing_treatment_12_t4	-0.044587638548934966	-0.019336519723185237	0.09472729986821646
destabilizing_treatment_12_t5	-0.05284424868079063	0.03903373972072714	0.05081030124174306
destabilizing_treatment_12_t6	-0.04387037446026784	0.01544542385089969	0.16146096139359484
destabilizing_treatment_12_t7	-0.06517062571736057	0.014928748599373499	0.2704410387406191
destabilizing_treatment_12_t8	-0.07629686814153427	0.08315933159945778	0.20648328867517132
destabilizing_treatment_12_t9	-0.1482970566010945	0.03850537526710009	0.20568644871494823
destabilizing_treatment_13_t0	-0.0006826042115339171	0.006722261520945943	-0.009855919863629846
destabilizing_treatment_13_t1	-0.02875716134946047	0.0182716276340917	0.04744876480845215
destabilizing_treatment_13_t2	-0.014547609823733912	0.001980827209071629	0.08537399378251184
destabilizing_treatment_13_t3	0.014941611335231185	-0.06938191889214049	0.1260994164500326
destabilizing_treatment_13_t4	0.038582595696962665	0.009817065395701124	0.05365552498415688
destabilizing_treatment_13_t5	0.0826516093636552	0.15044957384745108	0.007877766021680735
destabilizing_treatment_13_t6	0.21708875272157763	0.2026789694937407	0.002211670841945854
destabilizing_treatment_13_t7	0.24438329849073862	0.25072738516496323	0.011083546577348129
destabilizing_treatment_13_t8	0.30682549335482134	0.4148906088694968	0.02107628057576756
destabilizing_treatment_13_t9	0.3868315279690206	0.3521671123605895	-0.021369809364276987
destabilizing_treatment_14_t0	0.002381771831968249	-0.009604412478429733	0.0067417397560941205
destabilizing_treatment_14_t1	-0.11026129094598955	-0.03677096251729034	-0.05052642724783783
destabilizing_treatment_14_t2	-0.1497050545969338	0.03109635395830028	-0.014407445627749947
destabilizing_treatment_14_t3	-0.11352521839841787	0.03911754788744047	0.07870728495980792
destabilizing_treatment_14_t4	-0.040702780490336585	0.08603558626885377	0.1419599862959908
destabilizing_treatment_14_t5	-0.0880087519107876	-0.020459100584921508	0.22855701618113655
destabilizing_treatment_14_t6	-0.0005623566385519752	0.014568447729361618	0.2446439576538865
destabilizing_treatment_14_t7	0.06260994495020582	0.012479875161994225	0.29572785276393504
destabilizing_treatment_14_t8	0.06660539691402273	-0.09149056664272016	0.36755001623005035
destabilizing_treatment_14_t9	0.12895080367848813	-0.10987765105673664	0.35308004009133964
destabilizing_treatment_15_t0	2.100265584650263e-05	0.006629518435655266	0.00029233161505554995
destabilizing_treatment_15_t1	-0.01542689200699796	-0.08369135144096206	-0.037291067472706906
destabilizing_treatment_15_t2	-0.03866146016653032	-0.08250679367477337	-0.14358203876178544
destabilizing_treatment_15_t3	0.047986822301295605	-0.06367972321983492	-0.08060910497540022
destabilizing_treatment_15_t4	-0.0005556110832989625	-0.0938908718583092	-0.009359871676877116
destabilizing_treatment_15_t5	0.021539298001366686	-0.05645151069847312	-0.008075335489199122
destabilizing_treatment_15_t6	-0.015438307456755836	-0.15645959461736697	-0.04628416455893511
destabilizing_treatment_15_t7	-0.04887504881449456	-0.1346132889835695	-0.0729363951165571
destabilizing_treatment_15_t8	0.07868437411409501	-0.2002312399853366	-0.1334199215679917
destabilizing_treatment_15_t9	-0.044200742626397116	-0.24544929450402958	-0.11693853451160015
destabilizing_treatment_16_t0	-0.009245099766597915	-0.009016631802093012	-0.0006718128803172508
destabilizing_treatment_16_t1	-0.031186628645227185	-0.050957669056115616	-0.03857759192169342
destabilizing_treatment_16_t2	-0.04018909738724585	0.020157513479139223	-0.015070092025604363
destabilizing_treatment_16_t3	0.010035932083680928	0.04172305470442148	-0.043472543782953135
destabilizing_treatment_16_t4	0.06623138918044072	0.11122424845698853	0.04015907470430387
destabilizing_treatment_16_t5	0.027790280311681882	-0.031662857413146034	-0.004234846408015025
destabilizing_treatment_16_t6	-0.0066282750059237575	-0.04199179870292227	0.033092597593158656
destabilizing_treatment_16_t7	-0.049024835213071195	0.1253010407682441	0.07182537228882022
destabilizing_treatment_16_t8	-0.026578774252946094	0.1847491175790794	0.03294959897442338
destabilizing_treatment_16_t9	0.011078476185630348	0.13376614805288092	0.046446109747899686
destabilizing_treatment_17_t0	0.004926861607118908	-0.003883216543782866	-0.007983835834278799
destabilizing_treatment_17_t1	0.039679885480606504	-0.016979315210921973	0.0323526459943535
destabilizing_treatment_17_t2	-0.0010032383730079683	0.06486387016613064	0.03728386163804587
destabilizing_treatment_17_t3	-0.14499901664149048	0.04480736136565945	0.07387308521999454
destabilizing_treatment_17_t4	-0.15609330420190395	-0.05004643876033417	0.09716665859309084
destabilizing_treatment_17_t5	-0.2148379973872687	-0.07206210442943269	0.1335865161612528
destabilizing_treatment_17_t6	-0.15004143848251653	-0.1502628063360259	0.10677588729684194
destabilizing_treatment_17_t7	-0.12314524488457844	-0.11355402113857435	0.06705439424395662
destabilizing_treatment_17_t8	-0.038129588726055985	-0.164335856981751	0.1626005511382727
destabilizing_treatment_17_t9	0.0243078366945264	-0.11511221459523271	0.2031389164371804
destabilizing_treatment_18_t0	0.00924302836803237	-0.0022224576511199225	-0.005644389364523625
destabilizing_treatment_18_t1	0.0292559642662548	-0.019226332718633225	0.07417090713619577
destabilizing_treatment_18_t2	-0.00030340471138121106	0.002892179911531432	0.033638806626630685
destabilizing_treatment_18_t3	-0.10855006083714355	-0.047041971062900645	0.08660416621746819
destabilizing_treatment_18_t4	-0.1346266445388991	0.01469863473427687	-0.04615969749771995
destabilizing_treatment_18_t5	-0.07591137027212982	-0.06655771034987523	-0.09377607807978527
destabilizing_treatment_18_t6	-0.08000550660748713	-0.06758218605739745	-0.10554894094137172
destabilizing_treatment_18_t7	-0.06397972307258058	-0.13748979183908017	-0.03863577418768044
destabilizing_treatment_18_t8	-0.04021853284633726	-0.1454672585200372	-0.0040237976570092066
destabilizing_treatment_18_t9	-0.027395309452164368	-0.18369939458341036	-0.034344101121367265
destabilizing_treatment_19_t0	0.009509732176504552	-0.003774310499278799	-0.004371665410341428
destabilizing_treatment_19_t1	-0.003890952922047674	-0.011086397470167438	0.03669556699741423
destabilizing_treatment_19_t2	0.03601122974126213	-0.031191397312746172	-0.046553187503384705
destabilizing_treatment_19_t3	0.10154265989743386	-0.10196825087980269	0.022093734978964108
destabilizing_treatment_19_t4	0.1882366421739818	-0.10700506985451545	-0.057581285165217794
destabilizing_treatment_19_t5	0.07581124171629526	-0.029931340402386028	0.02984342564146855
destabilizing_treatment_19_t6	0.02218184511559114	0.0007927791973260379	0.07031479876643126
destabilizing_treatment_19_t7	0.02798784324114501	0.09165977912844261	0.1384550019566213
destabilizing_treatment_19_t8	0.06186969438151735	0.12728936275823277	0.16485165187777798
destabilizing_treatment_19_t9	-0.04878109293360183	0.043848982270909484	0.2652624430104284
destabilizing_treatment_20_t0	-0.0007031614661606822	0.004353830190585761	-0.0012797274943696113
destabilizing_treatment_20_t1	-0.0427329850520501	-0.03401014677665711	-0.0014456912081660762
destabilizing_treatment_20_t2	0.010934300757156443	0.07135462243239382	-0.09762464309501014
destabilizing_treatment_20_t3	-0.023883822551950235	0.017291151703041435	-0.11701400895637229
destabilizing_treatment_20_t4	-0.048583825017640296	0.016750974311207666	-0.08799644755879311
destabilizing_treatment_20_t5	-0.08141228834648842	0.006021088058583516	-0.04165390690516456
destabilizing_treatment_20_t6	-0.0850833038165615	0.11471090446500148	-0.04185759594537614
destabilizing_treatment_20_t7	-0.10140955739514401	0.09627049175791734	-0.032766871725903986
destabilizing_treatment_20_t8	-0.1633434041327469	0.11618142090234002	0.02171331129918338
destabilizing_treatment_20_t9	-0.10961061050556285	0.08309228702267621	0.12104641892143234
destabilizing_treatment_21_t0	-0.008683141935705687	0.0042288620941111745	0.005525350804106986
destabilizing_treatment_21_t1	0.06497932241449558	0.03523766701399819	-0.14008602780173604
destabilizing_treatment_21_t2	-0.059019600825196306	0.1030339335113736	-0.14316751281076612
destabilizing_treatment_21_t3	-0.015721861439389105	0.08164552476389833	-0.06958696064769188
destabilizing_treatment_21_t4	-0.0796920462431128	0.13466629366054078	-0.11337883677178155
destabilizing_treatment_21_t5	0.02456431186136393	0.15904541074434142	0.00552334847728686
destabilizing_treatment_21_t6	-0.05862894164913665	0.11014379407187441	0.05640939538398367
destabilizing_treatment_21_t7	-0.09860006754145753	0.12125325194714211	0.09514979264160131
destabilizing_treatment_21_t8	-0.14976703740497682	0.07366563006105184	0.14169858552574077
destabilizing_treatment_21_t9	-0.2377801773795425	0.07825997496732323	0.08831037506102529
destabilizing_treatment_22_t0	0.004513808298029431	0.00121901965400669	0.008666255217051553
destabilizing_treatment_22_t1	-0.09726098538396276	0.006928317386604154	-0.11961542979905673
destabilizing_treatment_22_t2	-0.06388516189180662	0.06982757222397047	-0.0048993215804483264
destabilizing_treatment_22_t3	-0.0017994668902178712	0.12008420550415891	-0.06828694607541931
destabilizing_treatment_22_t4	0.03993194218049097	0.038719480186340055	-0.09531008781856545
destabilizing_treatment_22_t5	0.06660871517517537	0.058624724689591366	0.018997720719171968
destabilizing_treatment_22_t6	0.0075732025876237355	0.0524650140236039	-0.1019734600517954
destabilizing_treatment_22_t7	-0.033267176671782396	0.033214473388812935	-0.10214433026173075
destabilizing_treatment_22_t8	-0.032923586228309265	0.031059463769041493	-0.0736954501558517
destabilizing_treatment_22_t9	-0.15364995691981115	0.04297023240870655	-0.0831150820672831
destabilizing_treatment_23_t0	-0.008448708430256564	0.005990689301805103	-0.0034978525327579012
destabilizing_treatment_23_t1	0.00232686399765371	0.02086627883732124	0.0029027079978742095
destabilizing_treatment_23_t2	0.0772190839082197	-0.1009255743541669	-0.11129977059511095
destabilizing_treatment_23_t3	0.0486998741319844	0.03351646961924819	-0.02407566457267904
destabilizing_treatment_23_t4	0.07502656816378547	-0.010552332435362424	0.09342957105070529
destabilizing_treatment_23_t5	-0.022184047327764356	0.09947294496699942	0.08248635332778025
destabilizing_treatment_23_t6	0.017563794302177027	0.10768192426485806	0.051192282918179725
destabilizing_treatment_23_t7	0.05131288822774144	0.06613584966187872	0.12216241892900695
destabilizing_treatment_23_t8	0.022260897338462187	0.07511094253433549	0.2742477557693137
destabilizing_treatment_23_t9	-0.059128671991064516	0.12455457025963818	0.23081256045131462
destabilizing_treatment_24_t0	0.008480757406164973	-0.00887270297183968	-0.009891632669569642
destabilizing_treatment_24_t1	0.08627351495951865	0.0396693846190873	0.04380589216323232
destabilizing_treatment_24_t2	0.029096356088862588	0.027839530760252095	0.038267406022430984
destabilizing_treatment_24_t3	0.08387417419477418	-0.009720834024190415	0.0309130373846428
destabilizing_treatment_24_t4	0.08397256939273488	0.10186389474381671	0.011281848102450243
destabilizing_treatment_24_t5	0.1335277673424956	-0.020615318570196967	0.00398085881175356
destabilizing_treatment_24_t6	0.11690203753688895	0.08458217193860816	0.1193658241105467
destabilizing_treatment_24_t7	0.053273492684542526	0.014426882506395247	0.03247880183339279
destabilizing_treatment_24_t8	0.003583184652837683	0.02573203822590582	0.07058188964955704
destabilizing_treatment_24_t9	-0.07956799060614392	0.05363264944066979	0.10389691264297835
destabilizing_treatment_25_t0	-0.0062277492345875676	0.001653937934890073	0.002654072630364086
destabilizing_treatment_25_t1	-0.10043620649051888	-0.055502189175465136	-0.02820613806216756
destabilizing_treatment_25_t2	-0.02843129880862863	-0.06312997320277998	-0.011518918234629034
destabilizing_treatment_25_t3	0.024802312048760947	-0.008232877611505054	0.022098848187246986
destabilizing_treatment_25_t4	0.0058376397446988845	-0.0352699347383348	0.09473417739546991
destabilizing_treatment_25_t5	0.12589017363754978	-0.14936054647554212	0.09933226729435349
destabilizing_treatment_25_t6	0.10525541141081786	-0.10900882939214804	0.011509445931675397
destabilizing_treatment_25_t7	0.15623544891180902	-0.13683526230629678	-0.0092827587676765
destabilizing_treatment_25_t8	0.04733388580007976	-0.14471425798796383	-0.07366251946713395
destabilizing_treatment_25_t9	-0.001094507267081643	-0.1831567477348327	-0.0850373581961516
destabilizing_treatment_26_t0	0.0029837430383263543	0.009142202513815867	-0.000527597409271019
destabilizing_treatment_26_t1	0.018087469229543636	-0.029673256304174667	0.021534432776793157
destabilizing_treatment_26_t2	0.12895328037545556	-0.03340008008141021	0.05041044369354519
destabilizing_treatment_26_t3	0.042515904612823924	0.07547974797578524	-0.0640728738390807
destabilizing_treatment_26_t4	0.03182264570576952	-0.021561471527306225	-0.054971731270411536
destabilizing_treatment_26_t5	0.0036242616105612163	0.06758107487823067	-0.12504336766510377
destabilizing_treatment_26_t6	0.019575502638177384	0.09331356462595614	-0.18925286595546648
destabilizing_treatment_26_t7	0.02607052839875001	0.0823815913825286	-0.19911960042949275
destabilizing_treatment_26_t8	0.024941931714630685	0.06067987397197002	-0.27263731631208743
destabilizing_treatment_26_t9	0.0891222156613186	0.07204785967379049	-0.17705706767029328
destabilizing_treatment_27_t0	0.009539793329124455	-0.004748159380151222	0.00900275898496836
destabilizing_treatment_27_t1	0.07398415197793445	0.09963804708261194	-0.10623542995241823
destabilizing_treatment_27_t2	0.027906018900409474	0.08079749394230099	-0.10529075013979129
destabilizing_treatment_27_t3	0.02346818177864294	0.0539254703391762	-0.12540596895250966
destabilizing_treatment_27_t4	-0.0043227230920711325	0.024051601383209366	0.019881470868941375
destabilizing_treatment_27_t5	0.01751006690861585	0.08034449746193287	0.08059082750400327
destabilizing_treatment_27_t6	0.1670108115482838	0.05605456987457233	0.14749625316234044
destabilizing_treatment_27_t7	0.14809544943309208	0.012322565694519366	0.11194363347340923
destabilizing_treatment_27_t8	0.1338464700857503	0.039276855850564195	0.06103691635324172
destabilizing_treatment_27_t9	0.1517830741307286	0.15668470145845295	0.1368958561854168
destabilizing_treatment_28_t0	0.0047539642414203345	-0.004699818772778224	-0.003313660302214463
destabilizing_treatment_28_t1	0.12675326112255525	-0.09747073375808563	0.07161253987084863
destabilizing_treatment_28_t2	0.05297804324751659	-0.02151458851073282	0.06987811445348889
destabilizing_treatment_28_t3	-0.02007698690240403	-0.13428859921611597	0.09169889824626283
destabilizing_treatment_28_t4	-0.0629901805498517	-0.2513164103326477	0.06994044795584635
destabilizing_treatment_28_t5	-0.0002862572358626192	-0.16826000030659147	0.11025838280765823
destabilizing_treatment_28_t6	-0.08733722405993327	-0.16337219707612072	0.052679592068229225
destabilizing_treatment_28_t7	-0.1377704123402635	-0.19800419553821277	0.021277907050396776
destabilizing_treatment_28_t8	-0.12740349035507262	-0.21225076888679503	0.061520513780732686
destabilizing_treatment_28_t9	-0.1542372537022934	-0.27672946132973386	-0.03739624362838537
destabilizing_treatment_29_t0	-0.004751433945730903	-0.005633080339613097	0.007362334095490741
destabilizing_treatment_29_t1	-0.06278618267691705	0.005043335575516235	0.04318419671339281
destabilizing_treatment_29_t2	-0.11277515647690693	0.02609824786710249	0.13844052486483216
destabilizing_treatment_29_t3	0.014395022553891482	0.05903607800873212	0.21513987830988063
destabilizing_treatment_29_t4	0.0708661009863285	0.07836367881316295	0.18685439536563245
destabilizing_treatment_29_t5	0.17263247861417527	0.13156526890548687	0.23137900565495978
destabilizing_treatment_29_t6	0.2521565789408614	0.13499889274379728	0.18145384686739188
destabilizing_treatment_29_t7	0.2626282104959418	0.06328913223878536	0.03367843425683256
destabilizing_treatment_29_t8	0.22788081737095267	0.042045438115824736	0.0023796587660370114
destabilizing_treatment_29_t9	0.2643257220464075	0.06886263846083206	-0.07862078679586651
destabilizing_treatment_30_t0	0.006612432346606753	-0.001737682835232226	-0.0007986126210562339
destabilizing_treatment_30_t1	-0.012711972039515343	-0.0519130675153537	0.03213439505037928
destabilizing_treatment_30_t2	0.022184966093257305	-0.08125022848927815	0.002862116658039676
destabilizing_treatment_30_t3	0.0025940519081012886	-0.059483129256269515	0.12160676175292545
destabilizing_treatment_30_t4	-0.05025158933610092	-0.03216093754868396	0.09471075239516336
destabilizing_treatment_30_t5	-0.05197411730815736	-0.0016518921692968737	0.17437601057180713
destabilizing_treatment_30_t6	-0.0144306152229208	-0.04705334317045301	0.19242499591415152
destabilizing_treatment_30_t7	-0.055134634827097115	0.08933348226888416	0.10867376135214647
destabilizing_treatment_30_t8	-0.02427777970319835	0.08027945148122584	0.033347512279071095
destabilizing_treatment_30_t9	-0.034097834440497805	0.04772901957043739	0.02781583750609541
destabilizing_treatment_31_t0	0.00795269101535904	0.0031493136100572408	0.0028318540408183578
destabilizing_treatment_31_t1	0.0890710316589045	-0.11311935965065466	-0.02293218638918037
destabilizing_treatment_31_t2	-0.05119321415883342	-0.16194146881040591	-0.08773615075438601
destabilizing_treatment_31_t3	0.010261826109669782	-0.13619727788923947	-0.03388463028033503
destabilizing_treatment_31_t4	0.024391926467967777	-0.062195234139405614	-0.11657639443418548
destabilizing_treatment_31_t5	-0.0034300524302489505	-0.10306378652007891	-0.13060722309493672
destabilizing_treatment_31_t6	0.043642857381750035	-0.04200421729947171	-0.21022929957367864
destabilizing_treatment_31_t7	0.07420486947736621	-0.11678166236449075	-0.1911486785015162
destabilizing_treatment_31_t8	0.03249536890050661	-0.03973703711495302	-0.0849071217056348
destabilizing_treatment_31_t9	-0.08143537552168446	-0.06904407035160492	-0.058172751024329936
destabilizing_treatment_32_t0	0.007184675457189691	-0.003095190557387426	0.006538163922953389
destabilizing_treatment_32_t1	0.02196476435818557	0.018532563894247348	0.01516925544436597
destabilizing_treatment_32_t2	-0.03908311235275578	-0.14995928570357167	0.04912324550784217
destabilizing_treatment_32_t3	0.02228575199540799	-0.20090205031932	0.07545740830889269
destabilizing_treatment_32_t4	-0.008980478781761378	-0.14001278488108862	0.029534204450077144
destabilizing_treatment_32_t5	0.0897556449040151	-0.06944224158580974	0.14991246360922733
destabilizing_treatment_32_t6	0.04976577632573827	-0.04263670827045729	0.2818646936401077
destabilizing_treatment_32_t7	0.059797654583142235	-0.05863454118866713	0.2701290648389073
destabilizing_treatment_32_t8	0.10985308923234434	-0.04162940778755636	0.23880114523272167
destabilizing_treatment_32_t9	0.001312547641125178	-0.03211428434616974	0.3183501676096281
destabilizing_treatment_33_t0	0.0012182606192066904	-0.0025610833923833056	-0.0012567412203621875
destabilizing_treatment_33_t1	0.034536869455560525	0.09444853511747771	0.03446194334320813
destabilizing_treatment_33_t2	-0.01788540309344159	0.11014572178215899	0.09131669106756903
destabilizing_treatment_33_t3	-0.09073811414701816	0.1669049026859868	0.08214149662363299
destabilizing_treatment_33_t4	-0.1565187731294398	0.1702235547045987	0.03830569853716803
destabilizing_treatment_33_t5	-0.17601723365770208	0.20859942208108612	0.10569940050311563
destabilizing_treatment_33_t6	-0.19018632723412882	0.23526344891234485	0.08767955386945345
destabilizing_treatment_33_t7	-0.2578428578941056	0.14590323575592445	0.12168408849930777
destabilizing_treatment_33_t8	-0.3252490161241691	0.15372868770759668	0.13717687609518497
destabilizing_treatment_33_t9	-0.3578417074461342	0.1534850988099527	0.051049246457147895
destabilizing_treatment_34_t0	0.007038584089130533	-0.007680004015630158	0.007470271840195599
destabilizing_treatment_34_t1	0.050090135874404224	-0.09066594828392091	-0.011054123353698422
destabilizing_treatment_34_t2	0.014220800700937793	-0.025208558329482045	0.01583175493582445
destabilizing_treatment_34_t3	-0.0929661456201884	0.0011607019078514781	0.07256144257462879
destabilizing_treatment_34_t4	-0.09384109662183034	0.03970876182217739	0.1112386622563727
destabilizing_treatment_34_t5	-0.0723966443953753	-0.0007731750924618863	0.014185682212935938
destabilizing_treatment_34_t6	-0.07836757334384778	0.0662150987993197	0.05580882073834489
destabilizing_treatment_34_t7	-0.029389939851792564	0.019520744113101597	0.088166410190721
destabilizing_treatment_34_t8	0.053620938579427825	0.07499389680573967	0.1393633443687832
destabilizing_treatment_34_t9	0.03055767196207801	0.038402710609143256	0.16346751191069941

Biplot	0	0

Site constraints	0	0
